real_timestamp,Phase
0.299831,-2.6711883906532017
2.93323,0.8760580505981934
3.40686,-2.473303234759209
4.29673,-1.0121970114513341
4.30169,-2.9441970937399127
4.34901,1.873681195169868
4.35344,-2.843093722003614
4.36803,2.44685437739309
4.38068,-0.6435011087932844
4.3979300000000014,-0.18534794999569476
4.40452,-2.1112158270654806
4.40963,-0.07677189126977804
4.4139800000000005,-0.8760580505981934
4.4184,0.06656816377582381
4.4241199999999985,0.5713374798336268
4.43759,-0.4899573262537283
4.44233,-2.62244653934327
4.44658,-1.1071487177940904
4.45084,2.5535900500422257
4.45485,1.2722973952087173
4.4587900000000005,-2.297438667476622
4.4689,-1.5707963267948966
4.47362,-1.856847768512215
4.47817,-0.17985349979247828
4.482480000000002,2.399645385583876
4.49066,2.774418819771574
4.49507,-1.3439974787410107
4.49943,-0.6435011087932844
4.50929,-0.18534794999569476
4.51403,2.3036114285814033
4.51809,2.6135182051634334
4.52652,0.982793723247329
4.53101,-1.2490457723982544
4.54223,-1.3397056595989996
4.547,1.2793395323170296
4.55161,2.356194490192345
4.5591800000000005,-0.20749622643520266
4.56629,-0.7853981633974483
4.57665,2.129395642138459
4.58671,0.9272952180016122
4.59755,-1.9591150449673627
4.61578,2.907849472720892
4.62721,0.8960553845713439
4.63162,-1.9693187724613168
4.63624,-1.9074711461816238
4.65993,-1.0863183977578734
4.66742,1.878849107818673
4.6742599999999985,1.7359450042095235
4.68179,-1.9974238199217726
4.68677,-0.7509290623979403
4.78144,-2.1962813670341257
4.7935300000000005,-3.0981417581982624
4.80551,2.616796881939686
4.8126,-2.356194490192345
4.82193,-0.5404195002705842
4.85886,2.1341125882868646
4.87528,-0.7266423406817256
4.88991,0.6202494859828215
4.90034,2.1224513093234436
4.91167,0.7853981633974483
4.9161,2.999695598985629
5.01673,-2.761086276477428
5.05032,-2.922923707715851
5.05667,-1.176005207095135
5.1848,-2.5127963671743605
5.20329,0.0
5.2107,-0.3947911196997615
5.2198,0.960070362405688
5.22659,-1.642103791580187
5.23131,-0.7188299996216245
5.2373,-2.0344439357957027
5.24477,0.6556956262415362
5.37322,-1.892546881191539
5.49455,1.729451588981298
5.61468,1.1263771168937977
5.6386400000000005,-1.3633001003596938
5.76365,2.677945044588987
5.80186,2.2390857456254807
5.92331,0.23554498072086333
6.04735,-1.4121410646084953
6.17324,-0.9944211062037129
6.29525,1.8438050298816073
6.41704,0.5880026035475675
6.53877,-0.8850668158886104
6.666739999999999,-0.3097029445424562
6.7659,-1.423717971406494
6.7762600000000015,-2.408777551803287
6.7839100000000006,2.2286849319771065
6.7965300000000015,0.6107259643892086
6.80082,0.24497866312686414
6.91211,1.6142472221864275
6.92453,-2.936197264400026
6.932930000000002,2.5652174329986095
6.9515699999999985,3.011890116433881
6.96508,0.8478169733934057
7.05695,2.677945044588987
7.0949300000000015,-2.2218730482393765
7.1039,0.6435011087932844
7.20631,1.5707963267948966
7.21506,2.2706891965141405
7.22013,1.9195673303788037
7.225,-2.14717154738608
7.23053,1.687905071361761
7.23441,-1.837048375945822
7.24867,-1.9195673303788037
7.2754699999999985,0.18534794999569476
7.36282,0.8760580505981934
7.3719199999999985,-1.7234456551901618
7.379060000000001,1.3352513460740332
7.38542,-0.9723774333163594
7.4127399999999986,-0.28379410920832787
7.54098,-1.9513027039072615
7.673389999999999,-0.3923401442155158
7.68115,-2.992702705980296
7.70597,-2.4668517113662407
7.824289999999999,1.3654009376051293
7.87403,0.3805063771123649
7.9067,-2.356194490192345
7.999219999999998,-1.8281200417659853
8.12565,-0.6107259643892086
8.133569999999999,2.835713782184941
8.140260000000001,2.104504518434158
8.147639999999999,-1.2036224929766774
8.16067,0.4145068745847859
8.16502,-0.43240777557053783
8.19486,1.5337762109209665
8.22051,-0.04164257909858842
8.27683,2.356194490192345
8.41491,2.332942867381882
8.54222,-1.8622531212727638
8.57085,0.6435011087932844
8.612689999999999,2.875340604438868
8.654819999999999,1.2360594894780819
8.73378,-1.9379701606131159
8.75348,0.7853981633974483
8.76068,1.5707963267948966
8.77092,-1.7681918866447774
8.78058,1.856847768512215
8.92806,2.988943325194528
8.9677,2.4149503129080676
9.10262,1.0838970949836275
9.1433,1.2793395323170296
9.17713,2.293775680196388
9.31873,-2.7187387274568526
9.44776,-2.9441970937399127
9.45478,2.1112158270654806
9.4591,-2.5269297016676275
9.46433,-0.43662715981354133
9.47546,2.223642957895671
9.47998,-1.1659045405098132
9.4901,-0.5880026035475675
9.49483,2.0344439357957027
9.5094,0.3392926144540447
9.60379,2.9562447035940984
9.63407,-0.6202494859828215
9.67146,1.8622531212727638
9.79849,-2.158798930342464
9.83173,-0.7853981633974483
9.967,0.0
10.1047,-2.819842099193151
10.2307,2.4805494847391065
10.3019,3.070285188804503
10.3885,-1.5707963267948966
10.5154,-2.642245931909663
10.5428,-2.0344439357957027
10.5782,-2.7091848780192556
10.6108,-2.2848870254070546
10.7414,0.7853981633974483
10.7684,2.0032041023654346
10.8724,1.9295669970654687
11.0058,1.3258176636680326
11.0305,-2.831889709047337
11.0667,1.9513027039072615
11.1562,-2.6590793585673165
11.2884,-2.393214606066275
11.4296,-1.124690777851493
11.5675,2.0516836069902324
11.6069,-1.6475682180646747
11.6341,3.104572537715863
11.715,1.9693187724613168
11.7222,2.4116929954380617
11.7306,-0.9380474917927135
11.7378,-2.746801533890032
11.7641,2.173083672929861
11.8114,-1.849095985800008
11.9378,-2.587285157388242
12.0621,0.09065988720074511
12.1151,-1.5291537476963082
12.1381,2.4149503129080676
12.1637,1.4840579881189115
12.2907,-0.6240230529767569
12.4153,-0.03844259002118798
12.5426,2.384758148031105
12.6694,-3.036715714859559
12.7999,-2.0672190801997785
12.9248,-2.388441372627599
13.0691,-2.907849472720892
13.1041,1.878849107818673
13.1112,0.6350267353903137
13.1222,-1.7063240407803975
13.1324,3.070285188804503
13.2151,0.09495170634275632
13.2271,-1.0768549578753155
13.2316,0.06656816377582381
13.2393,-1.2679114584199251
13.2438,2.91811605244916
13.2487,2.647651284670212
13.258,-2.835713782184941
13.2628,-2.835713782184941
13.2722,2.2318394956455836
13.2768,2.0344439357957027
13.3544,-2.095592098445004
13.362,-1.4056476493802699
13.3695,1.4758446204521403
13.3788,2.516107613350564
13.3834,2.44685437739309
13.4428,2.38648825011112
13.4688,0.4636476090008061
13.6073,2.384758148031105
13.7376,1.923786714621807
13.7827,-1.8766751981997487
13.7941,-2.788602265762883
13.8068,0.5404195002705842
13.8237,2.5088438185876103
13.8718,-1.892546881191539
14.0025,0.714090698612158
14.1529,2.6292031932790554
14.1885,1.446441332248135
14.3154,-2.390663591191853
14.4019,1.0303768265243125
14.4485,-3.079173843593836
14.4892,2.654693421778524
14.6149,-1.4994888620096063
14.7547,-1.4711276743037347
14.7878,-2.79856871316909
14.8292,-0.19739555984988075
14.9611,-2.2597207150097582
15.1012,-0.44610554894340365
15.1125,2.4668517113662407
15.1172,1.6475682180646747
15.1236,0.1586552621864014
15.136,0.668289418830584
15.1791,1.297787623708186
15.1834,-0.982793723247329
15.1921,-1.6107750139181867
15.2022,2.1962813670341257
15.22,-1.2490457723982544
15.2407,-2.782821983319221
15.2454,1.3397056595989996
15.2556,2.90604767286893
15.2669,-1.1659045405098132
15.2756,-2.7776136970801493
15.2884,3.050932766389048
15.2941,-2.0344439357957027
15.2993,-2.1112158270654806
15.3109,0.6610431688506869
15.3195,-2.129395642138459
15.3275,0.22347660114063303
15.338,-2.321725389192837
15.3498,-1.2827408797442708
15.3569,-2.6271413405307653
15.3644,1.2220253232109897
15.3715,0.722979353401491
15.3824,2.060753653048625
15.3867,-2.0533096218173736
15.395,2.2597207150097582
15.4033,1.7590178320996674
15.4108,-0.04542327942157701
15.4645,-1.7359450042095235
15.5024,1.042721878368537
15.5067,0.19739555984988075
15.5547,-1.1071487177940904
15.5594,-2.158798930342464
15.5637,-2.158798930342464
15.6367,-2.356194490192345
15.6993,0.0
15.8104,1.512040504079174
15.8198,-1.5042281630190728
15.8346,-0.6823165548747481
15.8417,1.4219063791853994
15.8616,2.5415424401880395
15.887,-0.9097531579442097
15.9159,-0.6556956262415362
15.9207,-2.158798930342464
16.0439,-1.6575346654708818
16.1714,-2.782821983319221
16.2992,0.7551044034786732
16.3768,-2.129395642138459
16.4271,-2.6078844619505315
16.5604,-1.2490457723982544
16.6919,-0.5880026035475675
16.7319,0.24497866312686414
16.8151,-2.969401839066854
16.8478,1.3258176636680326
16.8802,-3.054854314913808
17.0057,0.668289418830584
17.0368,-2.1224513093234436
17.0619,-2.601173153319209
17.090999999999998,2.356194490192345
17.1291,1.4876550949064553
17.2568,-2.191045812777718
17.3898,0.7853981633974483
17.5224,0.03844259002118798
17.6589,0.07982998571223732
17.7873,0.9025069079643125
17.9171,0.48689923181126904
17.942999999999994,1.8281200417659853
18.072,-1.2847448850775784
18.1999,-2.0344439357957027
18.3274,2.396173177315635
18.3458,0.11710874456686428
18.3765,-2.999695598985629
18.4529,3.0981417581982624
18.4829,1.5707963267948966
18.6104,2.158798930342464
18.62,2.0647376957144776
18.742,2.403777593469328
18.889,-1.0240074859056494
19.0214,0.4993467216801301
19.0767,-0.08673833867598511
19.1569,0.6528466311007742
19.2871,2.38648825011112
19.3192,-0.9179496956941223
19.4493,-2.723368324010564
19.5804,-0.9561333748727311
19.6081,-1.6183794300718801
19.7306,-1.0584068664841588
19.7548,-0.714090698612158
19.8777,1.642103791580187
19.9152,-0.4266274931268761
19.9433,0.3805063771123649
20.0725,-1.6207547225168393
20.1979,2.5415424401880395
20.3231,-2.7187387274568526
20.4522,0.9420000403794636
20.5779,-0.4636476090008061
20.702,2.9562447035940984
20.7352,1.3397056595989996
20.7628,-1.8157749899217608
20.8873,-1.5707963267948966
20.9192,-1.9974238199217726
21.0426,-1.9614033704925835
21.1761,-2.843093722003614
21.2082,2.223642957895671
21.3392,-1.1659045405098132
21.376,2.4805494847391065
21.5315,0.27829965900511133
21.5581,1.5707963267948966
21.6798,1.878849107818673
21.8048,2.38648825011112
21.8316,0.7483780475235183
21.8699,-1.5707963267948966
21.9941,1.892546881191539
22.0357,-0.8850668158886104
22.0691,-1.9513027039072615
22.0971,0.15264932839526515
22.1313,-2.356194490192345
22.1655,-2.819842099193151
22.2938,1.8692952583810758
22.3375,-2.930499320367047
22.3873,-2.819842099193151
22.4703,-2.0344439357957027
22.5968,-2.677945044588987
22.7314,-2.356194490192345
22.8549,-1.9138202672156
22.9993,2.7367008673047097
23.0252,1.6704649792860586
23.1628,2.0344439357957027
23.191,-1.3397056595989996
23.2154,-2.516107613350564
23.2421,2.804917834203066
23.2746,-2.390663591191853
23.3022,-0.17985349979247828
23.4283,-2.44685437739309
23.555,-1.892546881191539
23.6872,0.8567056281827387
23.8319,-0.9707461133931431
23.8374,1.6142472221864275
23.8414,1.6142472221864275
23.9951,3.0309354324158977
24.0261,-0.982793723247329
24.0597,-2.1112158270654806
24.099,1.7894652726688385
24.138,1.97568811307998
24.165,0.0
24.2902,-0.2860514417173182
24.332,-2.8706458032513726
24.4622,2.214297435588181
24.5891,2.297438667476622
24.7145,0.14888994760949725
24.8371,2.714965160462917
24.9637,1.892546881191539
25.0922,2.8706458032513726
25.2258,2.158798930342464
25.253,-0.6747409422235526
25.3779,1.5707963267948966
25.407,-0.5404195002705842
25.4374,2.0032041023654346
25.4688,0.0
25.5976,-2.0344439357957027
25.6231,-2.930499320367047
25.6487,-0.6435011087932844
25.6724,-2.999695598985629
25.801,-0.06241880999595735
25.9263,-2.2218730482393765
25.955,1.6539375586833378
26.0788,-0.4444192099010989
26.1093,-2.6954871046463897
26.2383,-1.825978717415715
26.3642,-2.05527425583192
26.3971,2.804917834203066
26.4262,0.25732371497108864
26.4535,-2.835713782184941
26.5802,-0.5516549825285468
26.7045,-1.0516502125483738
26.7373,-0.06241880999595735
26.769,-1.9513027039072615
26.8992,0.24497866312686414
26.9103,-0.3217505543966422
27.0361,-1.2490457723982544
27.0444,-0.3217505543966422
27.0576,-0.7853981633974483
27.0622,-0.7853981633974483
27.0666,-0.7853981633974483
27.0803,2.896613990462929
27.0846,-2.356194490192345
27.109,-3.0750244898139694
27.1243,2.642245931909663
27.1433,-2.819842099193151
27.1553,1.8692952583810758
27.1596,2.999695598985629
27.1696,-1.5707963267948966
27.1745,-1.3439974787410107
27.1834,0.0
27.1879,-2.896613990462929
27.1947,-0.9097531579442097
27.2112,1.7894652726688385
27.275,1.9138202672156
27.2795,-2.5360479899848234
27.2868,-1.4536875822280324
27.2917,-1.5707963267948966
27.334,0.4124104415973873
27.3387,0.7853981633974483
27.3428,0.9151007005533605
27.3467,1.941687615607559
27.3731,1.3633001003596938
27.3774,0.6435011087932844
27.3814,-2.5269297016676275
27.3894,0.6107259643892086
27.3976,-0.29544083714372
27.4406,0.40024065703397416
27.456,-0.11710874456686428
27.4674,2.000558605891585
27.4741,-0.6202494859828215
27.4811,-2.0812846487116725
27.5264,-0.48689923181126904
27.6666,-0.6889243882148613
27.7944,-0.5404195002705842
27.8273,1.0303768265243125
27.8724,-1.1583858851975093
27.8814,2.0647376957144776
27.8891,-1.9614033704925835
27.897,0.058755822715722696
27.9655,2.992702705980296
27.9776,-2.7367008673047097
28.0969,-2.8501358591119264
28.1269,1.3258176636680326
28.2643,2.761086276477428
28.3907,0.9272952180016122
28.5299,0.3392926144540447
28.5775,0.5880026035475675
28.7357,-2.0169018757383004
28.7709,-0.5104883219167757
28.9233,-2.214297435588181
28.9887,2.17084654019665
29.144,-1.0040671092713902
29.1752,-0.49394136891958124
29.3125,2.662073361597197
29.4366,0.21866894587394195
29.5724,2.8685839505030826
29.6106,0.21406068356382152
29.6407,-1.042721878368537
29.6481,-0.8110335719191258
29.6561,0.23554498072086333
29.6637,1.356735643231075
29.7508,1.8662371639386166
29.889,-1.0912770348023004
30.1579,2.0852476398539244
30.3219,-1.3352513460740332
30.3962,-2.9147938055359073
30.632,0.07393903765794034
30.6391,0.8818719385800352
30.6513,-1.849095985800008
30.6561,-2.2730532583039036
30.6656,-2.6292031932790554
30.6757,-2.289626326416521
30.6876,-1.5707963267948966
30.9219,-1.0863183977578734
30.9297,1.3909428270024184
30.9572,0.6435011087932844
30.989,1.6756732655251305
31.1139,-1.0563450137358688
31.1427,2.38321493937961
31.2727,0.49394136891958124
31.3986,-2.5535900500422257
31.4766,0.29544083714372
31.5284,0.8224182792713783
31.559,-1.97568811307998
31.6935,-1.2490457723982544
31.7384,0.0
31.7638,2.896613990462929
31.9007,0.7266423406817256
32.0254,2.5748634360662868
32.1754,-1.7975951748487824
32.1807,1.5707963267948966
32.3215,-2.167972984887574
32.461,2.4227626539681686
32.4879,-2.0576955586061656
32.6307,-1.4801364395941514
32.8016,-0.04542327942157701
32.9406,1.5707963267948966
33.0803,-1.9295669970654687
33.2206,0.9272952180016122
33.3624,1.2847448850775784
33.4127,-2.7367008673047097
33.5136,0.7419472680059175
33.6539,-2.677945044588987
33.8051,1.8622531212727638
33.9428,-1.6506263125071339
33.9749,2.0131705497716417
34.1,1.7359450042095235
34.1768,-1.2068173702852525
34.1962,-0.7188299996216245
34.2066,2.104504518434158
34.2143,0.4228539261329407
34.242,2.8501358591119264
34.389,-0.7853981633974483
34.5177,0.4636476090008061
34.6616,-1.9513027039072615
34.8013,-2.485897027348257
34.9416,2.5829933382462307
34.9739,2.761086276477428
35.1152,2.8809902618424523
35.1201,2.158798930342464
35.2509,1.8545904360032244
35.2615,-1.6092389168160846
35.2819,-0.5543074962015512
35.3074,1.6475682180646747
35.4451,0.9561333748727311
35.4765,1.0074800653029286
35.4826,-1.1383885512243588
35.594,0.5880026035475675
35.7399,-2.5535900500422257
35.8976,0.0
36.0374,-2.4370985893475754
36.1803,-2.8083483524781205
36.2179,0.5404195002705842
36.3625,2.79856871316909
36.5006,2.356194490192345
36.5266,-2.4668517113662407
36.6767,-1.2793395323170296
36.8203,-1.2924966677897853
36.8447,-0.11710874456686428
36.8875,2.9533711482850227
36.9752,-0.8960553845713439
37.0383,1.460139105621001
37.1734,-1.8157749899217608
37.3158,-2.746801533890032
37.4584,-1.9513027039072615
37.4886,-2.7091848780192556
37.6315,0.7266423406817256
37.7771,-0.7853981633974483
37.8044,2.896613990462929
37.9443,-1.6295521495106193
37.9725,1.7063240407803975
38.1183,0.9685089806599324
38.2613,1.0516502125483738
38.3991,0.507098504392337
38.5409,-1.0074800653029286
38.5502,-2.616796881939686
38.6852,-1.3156139361740782
38.826,1.5291537476963082
38.9615,-0.714090698612158
38.9922,2.7928216500058864
39.0145,1.0882830317724197
39.1554,0.6435011087932844
39.2997,1.3521273809209546
39.441,1.892546881191539
39.584,-1.9437840485949576
39.7217,-2.390663591191853
39.753,-1.3521273809209546
39.8937,-0.8253768505207384
40.0351,2.20354516179708
40.181,-1.7681918866447774
40.3269,-0.5404195002705842
40.3522,2.9441970937399127
40.3754,0.4636476090008061
40.5285,1.4056476493802699
40.6872,0.5247957716501074
40.7924,2.761086276477428
40.8137,2.654693421778524
40.9379,-1.0460005551447893
41.0615,-0.5467888408892474
41.1046,-3.054854314913808
41.1135,-2.6078844619505315
41.1241,-1.0303768265243125
41.1335,-0.906750163968212
41.2004,-0.8086497862079112
41.3588,-2.5535900500422257
41.5004,-1.0303768265243125
41.655,-2.17084654019665
41.7973,-0.20749622643520266
41.9405,2.289626326416521
42.0824,1.7782925532300993
42.2359,1.892546881191539
42.3893,2.601173153319209
42.4851,-1.039072259536091
42.4896,-1.3633001003596938
42.5354,-2.0169018757383004
42.6787,-2.173083672929861
42.8196,0.14888994760949725
42.9605,0.982793723247329
43.1002,-0.8519663271732721
43.2415,0.7853981633974483
43.3842,-2.743070207923373
43.5415,-2.399645385583876
43.6834,1.5208379310729538
43.832,2.384758148031105
43.9809,0.2914567944778671
44.1256,1.356735643231075
44.264,0.668289418830584
44.4032,-1.873681195169868
44.4317,0.6857295109062863
44.57899999999999,2.2531128816696446
44.7195,2.9533711482850227
44.8593,1.3633001003596938
44.8872,1.9832067683922838
45.0231,-0.8198672643969563
45.1632,-2.483704048407583
45.2566,-1.3078015951139772
45.2613,1.124690777851493
45.2694,0.982793723247329
45.2771,-0.22679884805388587
45.2886,-2.191045812777718
45.2936,2.3291740410050803
45.3095,-2.5948038127005457
45.3194,-1.695151321341658
45.3295,-1.6183794300718801
45.341,0.9685089806599324
45.3513,-0.6022873461349642
45.3625,-2.384758148031105
45.3717,-1.7033478590915707
45.3906,0.04164257909858842
45.4018,-0.6947382761967031
45.4121,-2.8632929945846817
45.4226,2.5535900500422257
45.4329,1.217805938967986
45.4383,2.6344941491974563
45.4538,0.8621700546672264
45.4652,-1.2649174553900444
45.4734,-1.1722738811284763
45.4842,-1.9693187724613168
45.5613,-2.356194490192345
45.5829,-2.2455372690184494
45.7156,-2.7367008673047097
45.8629,-0.8288490587889792
45.8875,-1.373400766945016
46.0306,-2.2531128816696446
46.1661,-2.647651284670212
46.2568,3.141592653589793
46.2918,0.11065722117389565
46.4296,-2.587285157388242
46.5563,-2.0899424410414196
46.6821,3.141592653589793
46.8206,-2.8083483524781205
46.96100000000001,1.8244704229335393
46.9894,0.9179496956941223
47.1325,2.505084437801842
47.2779,2.0852476398539244
47.4204,-0.7298996581517315
47.5592,-3.0890095919788516
47.7101,-0.12435499454676144
47.7373,0.5467888408892474
47.8831,0.3009202343604251
48.0205,0.7188299996216245
48.174,-2.8083483524781205
48.257,0.25732371497108864
48.3185,-2.488746022489019
48.4621,1.1525719972156676
48.6023,0.8803498697402047
48.6325,2.62244653934327
48.7821,0.04995839572194276
48.9084,2.796037073008081
49.0371,-1.7234456551901618
49.1782,-0.3097029445424562
49.3238,0.83798122500839
49.4747,-2.994514298201391
49.6189,3.141592653589793
49.7612,0.9652516631899266
49.904,0.18534794999569476
49.9303,-2.6590793585673165
50.0731,0.4636476090008061
50.2177,-0.4266274931268761
50.3607,-2.7367008673047097
50.5019,-1.2924966677897853
50.6449,0.35299038782691045
50.782,-1.5707963267948966
50.9233,-2.173083672929861
51.0622,-1.825978717415715
51.2009,0.2860514417173182
51.2272,2.8023000391357487
51.3672,-1.2490457723982544
51.3927,-1.1441688336680205
51.5146,-1.4940244355251187
51.6477,-3.0890095919788516
51.7923,-0.3217505543966422
51.8488,-0.982793723247329
52.0,-0.5743048301747018
52.0254,1.4352686128093959
52.0565,0.7483780475235183
52.2018,-0.7853981633974483
52.2665,-2.8555412118724752
52.3545,0.18822150530477075
52.5026,-3.046640947247037
52.6412,-2.321725389192837
52.7832,-1.7681918866447774
52.9414,-0.27829965900511133
53.0951,3.141592653589793
53.2214,-1.3258176636680326
53.2491,2.485897027348257
53.2783,-0.09065988720074511
53.4211,-3.058451421701352
53.4487,-2.485897027348257
53.5876,-0.7328151017865066
53.7398,-0.09966865249116202
53.8799,-2.9669204545815537
53.9144,1.5253730473733196
54.0646,-1.892546881191539
54.2021,2.356194490192345
54.3467,0.23109066719589708
54.4851,0.960070362405688
54.6203,1.0303768265243125
54.6451,-1.2722973952087173
54.7875,1.9100889412489412
54.9244,-2.5065659181994793
55.0654,-1.2120256565243244
55.0915,1.7681918866447774
55.2358,-0.83798122500839
55.379,-1.1309537439791604
55.5216,1.5707963267948966
55.6602,2.0169018757383004
55.8022,0.1297025371559121
55.9584,2.432966381462123
56.1008,-1.4711276743037347
56.2441,1.1341691669813554
56.3671,2.988943325194528
56.5128,2.729182211992406
56.5448,-1.4121410646084953
56.6922,-2.0701430484750265
56.838,-1.4876550949064553
56.9793,0.7551044034786732
57.1191,-2.05527425583192
57.2697,1.373400766945016
57.3076,-0.22679884805388587
57.445,-2.173083672929861
57.4707,-2.8555412118724752
57.6171,2.356194490192345
57.7684,-2.804917834203066
57.7934,1.2679114584199251
57.8008,-2.677945044588987
57.8094,-0.05258306161094172
57.8185,-0.5743048301747018
57.8987,-2.220666776206844
58.0408,1.3258176636680326
58.169,2.393214606066275
58.3124,-0.6350267353903137
58.3525,1.5182132651839548
58.5004,-0.034469100999508014
58.6405,-2.922923707715851
58.7853,-2.3805798993650633
58.9236,2.9516043656710775
59.0627,-3.079173843593836
59.2009,-2.7928216500058864
59.2268,-1.892546881191539
59.3657,2.0736395377227574
59.5226,-1.1902899496825317
59.6597,-0.4228539261329407
59.6836,2.694072678432623
59.8252,1.0714496051147666
59.9632,2.05527425583192
60.1012,0.3392926144540447
60.2415,-0.21866894587394195
60.2765,-0.7853981633974483
60.3828,-2.356194490192345
60.5245,2.356194490192345
60.5535,2.988943325194528
60.6975,-0.18534794999569476
60.8385,1.695151321341658
60.9801,-2.432966381462123
61.1106,3.0750244898139694
61.2544,-2.704965493776252
61.28,2.62244653934327
61.4207,-0.8567056281827387
61.5623,-1.2627435457711202
61.7018,-1.8157749899217608
61.8417,3.050932766389048
61.9814,-0.07677189126977804
62.1194,-2.516107613350564
62.2619,-0.21866894587394195
62.4042,-2.427501954977635
62.5413,-2.5899376710612465
62.6921,2.0344439357957027
62.8361,-2.173083672929861
62.9795,1.9295669970654687
63.1229,0.982793723247329
63.2576,-2.293775680196388
63.286,2.191045812777718
63.4221,-1.6814535479687922
63.5682,1.0636978224025597
63.707,-1.5707963267948966
63.8436,-0.8850668158886104
63.8685,-2.651635327336065
63.9957,2.907849472720892
64.1449,-0.14189705460416394
64.1788,-0.27094685033842053
64.1864,0.3906070436976868
64.2018,-1.299849476456476
64.277,-2.838707785214822
64.3201,2.2655346029916
64.4611,-2.0032041023654346
64.4862,-2.214297435588181
64.6238,3.054854314913808
64.7606,-2.5535900500422257
64.90100000000001,-3.017237659043032
65.0446,-2.9340964271545906
65.157,1.0636978224025597
65.1813,0.7378150601204649
65.3334,-0.9272952180016122
65.4788,-2.677945044588987
65.6262,0.982793723247329
65.7786,0.0
65.9373,0.8760580505981934
66.0783,2.704965493776252
66.2275,0.960070362405688
66.3527,-2.8555412118724752
66.4938,-2.65711472455277
66.6351,-2.3062360944704023
66.7768,1.7539071440573808
66.8981,1.892546881191539
67.035,1.6475682180646747
67.0601,0.6435011087932844
67.082,1.313472611823808
67.1561,2.62244653934327
67.2034,1.219351532791345
67.3409,1.9949907346986633
67.4835,-0.29544083714372
67.5068,3.099950074491205
67.6438,-0.3805063771123649
67.7343,3.141592653589793
67.7401,2.819842099193151
67.7807,-1.1071487177940904
67.9221,-1.7359450042095235
68.0623,-2.9829373914033916
68.2008,0.8760580505981934
68.3414,-0.14189705460416394
68.4833,-2.62244653934327
68.6238,0.4124104415973873
68.7722,0.4398425828157362
68.9232,0.7454194762741583
69.0669,1.719686274404394
69.2037,2.5360479899848234
69.3432,0.12435499454676144
69.4914,-0.3906070436976868
69.6282,1.5707963267948966
69.7759,-1.6575346654708818
69.9114,-0.4266274931268761
69.9415,0.7853981633974483
69.9693,3.141592653589793
70.0035,-1.0303768265243125
70.0234,-2.5360479899848234
70.0376,-1.2924966677897853
70.0468,-1.5707963267948966
70.0976,-0.3217505543966422
70.1043,-1.2490457723982544
70.111,0.24497866312686414
70.1155,2.498091544796509
70.1246,-3.017237659043032
70.195,1.5707963267948966
70.2035,0.4636476090008061
70.2107,-2.677945044588987
70.2175,-2.356194490192345
70.2407,0.7853981633974483
70.2647,-0.21866894587394195
70.2717,2.5535900500422257
70.2815,0.7853981633974483
70.2894,0.0
70.3669,0.6055446636049701
70.3949,-0.8198672643969563
70.407,-2.5415424401880395
70.414,-2.6078844619505315
70.42399999999998,0.7086262721276703
70.4329,-0.9505468408120752
70.5179,-1.299849476456476
70.6484,0.15264932839526515
70.7704,0.19739555984988075
70.7923,-2.976443976175166
70.8963,1.1902899496825317
71.0598,0.20749622643520266
71.1661,1.2120256565243244
71.1818,-0.9629943306809362
71.3177,1.5350972141155725
71.3277,-2.129395642138459
71.3353,-2.9829373914033916
71.3445,-3.038511045067093
71.3548,1.9513027039072615
71.461,0.0
71.6013,-1.3370531459259951
71.7629,1.6207547225168393
71.89699999999998,0.9505468408120752
72.0262,2.969401839066854
72.1697,-1.0164888305933455
72.2934,2.5535900500422257
72.4294,0.5404195002705842
72.5596,-1.2627435457711202
72.5643,-2.578276392097825
72.5727,-2.2531128816696446
72.5845,-2.677945044588987
72.5953,-1.9513027039072615
72.6886,0.5713374798336268
72.8185,-0.40489178628508343
72.9504,0.7853981633974483
73.077,2.0701430484750265
73.2001,-0.982793723247329
73.2389,-2.408777551803287
73.2738,2.896613990462929
73.2933,0.04995839572194276
73.3115,-0.5713374798336268
73.325,1.2490457723982544
73.4047,2.2730532583039036
73.5587,-1.695151321341658
73.7002,-1.1263771168937977
73.8479,1.297787623708186
73.8746,-2.356194490192345
74.0198,3.141592653589793
74.1639,-1.3473197256542635
74.3034,1.642103791580187
74.4421,-0.3805063771123649
74.5072,-0.41012734054149097
74.512,3.104572537715863
74.5826,-0.5633162614919681
74.6088,0.05258306161094172
74.6175,-0.7853981633974483
74.6306,1.7454685258031364
74.6425,-3.017237659043032
74.7197,0.18311081726248413
74.8643,-2.8685839505030826
75.0068,-1.460139105621001
75.1613,-1.5291537476963082
75.1891,2.788602265762883
75.2195,-0.6659692373791098
75.2365,0.23109066719589708
75.3291,1.3101939350475555
75.3333,2.930499320367047
75.344,-1.0863183977578734
75.3484,0.3671738338182192
75.3584,1.4056476493802699
75.3656,-1.0808390005411683
75.3774,-2.32590073027357
75.3821,-2.2058230621852104
75.3973,-2.1193457292454245
75.4044,-0.9944211062037129
75.4134,-0.20749622643520266
75.4218,-0.5191461142465229
75.4292,-0.982793723247329
75.5807,0.48689923181126904
75.5854,-0.83798122500839
75.5895,-0.83798122500839
75.5945,-3.0060649396042924
75.6029,2.0988707752212563
75.6134,-1.4840579881189115
75.6216,-1.2068173702852525
75.6322,2.9516043656710775
75.6365,0.5337081916392615
75.6455,-2.473303234759209
75.6551,-1.9809236673363877
75.6654,-0.982793723247329
75.6764,-2.4805494847391065
75.6811,-1.1341691669813554
75.7893,0.09495170634275632
75.8044,-2.5535900500422257
75.8123,2.723368324010564
75.8207,-1.4876550949064553
75.8997,1.5083775167989393
76.0195,3.141592653589793
76.0239,0.4444192099010989
76.0624,-0.49394136891958124
76.1188,1.1071487177940904
76.2532,-1.7063240407803975
76.2998,-2.896613990462929
76.3497,0.16514867741462683
76.5832,0.22679884805388587
76.5876,0.22679884805388587
76.6807,-1.784857010358718
77.0776,0.5191461142465229
77.236,3.115957245068116
77.2949,-2.714965160462917
77.3302,0.09065988720074511
77.4203,2.432966381462123
77.5108,-1.4056476493802699
77.5787,-2.0131705497716417
77.5891,-2.488746022489019
77.6001,-2.5652174329986095
77.6124,-0.3097029445424562
77.6385,-0.09495170634275632
77.6436,2.761086276477428
77.7772,-2.5652174329986095
77.8116,1.1071487177940904
77.9578,-1.7063240407803975
78.1022,-1.4536875822280324
78.2432,1.6704649792860586
78.3822,-0.6889243882148613
78.4282,-0.04164257909858842
78.4662,-2.677945044588987
78.5206,-0.8960553845713439
78.5519,1.0882830317724197
78.5822,0.3947911196997615
78.6078,-1.039072259536091
78.6771,-0.8288490587889792
78.6873,0.3805063771123649
78.6976,0.8329812666744317
78.7055,-0.5516549825285468
78.7449,-0.1746721990082397
78.8833,-2.4668517113662407
79.0232,1.8018869939907938
79.1529,-1.6704649792860586
79.2063,0.33667481938672716
79.3099,-2.2455372690184494
79.4546,0.7454194762741583
79.5977,-0.6435011087932844
79.7297,1.941687615607559
79.8824,0.19739555984988075
80.0222,1.0768549578753155
80.158,0.3671738338182192
80.3029,2.819842099193151
80.4425,-1.1801892830972098
80.4682,0.9994588469612699
80.6154,-0.3217505543966422
80.7559,2.5748634360662868
80.8848,1.5707963267948966
81.0118,1.7126933813990606
81.1709,-0.18822150530477075
81.303,-2.9533711482850227
81.3296,-2.616796881939686
81.4713,2.587285157388242
81.518,0.6327488350021832
81.6414,-1.1902899496825317
81.6752,0.35299038782691045
81.8198,0.6078019961139605
81.9588,2.32590073027357
82.1211,0.7298996581517315
82.2605,-2.6590793585673165
82.40100000000002,1.1309537439791604
82.4767,0.13255153229667402
82.544,-2.8842689386187046
82.6842,1.9890206563741257
82.8229,-2.0899424410414196
82.8551,-1.1722738811284763
82.9968,-1.6814535479687922
83.139,-2.0344439357957027
83.2792,2.498091544796509
83.4191,-2.439335722080786
83.5613,-2.129395642138459
83.7037,-0.21109333322274654
83.8431,2.647651284670212
83.9807,-2.8706458032513726
84.1198,-2.129395642138459
84.2587,2.3291740410050803
84.4037,1.2924966677897853
84.545,-0.8478169733934057
84.6893,0.372987721800061
84.7412,-2.835713782184941
84.9069,0.6435011087932844
85.0505,-0.49394136891958124
85.1789,1.460139105621001
85.3198,-2.593043251139265
85.4625,2.327630832353585
85.6034,-1.2120256565243244
85.7409,1.8766751981997487
85.8805,2.1421338066285234
86.0337,0.4899573262537283
86.1761,2.5088438185876103
86.2012,2.729182211992406
86.234,2.8023000391357487
86.2673,-0.9151007005533605
86.4031,1.2924966677897853
86.5399,-1.2068173702852525
86.6974,-0.9197196053504169
86.8374,-1.089909046599561
86.84200000000001,-1.089909046599561
86.8506,-2.5535900500422257
86.8629,-2.8461518164460733
86.8745,0.7853981633974483
86.96700000000001,-1.1824776086224307
86.9932,1.0164888305933455
87.1234,-1.8157749899217608
87.2181,2.356194490192345
87.2527,-1.2360594894780819
87.3983,-1.1410340476982082
87.5295,-3.017237659043032
87.5679,1.687905071361761
87.70100000000002,-0.372987721800061
87.8403,-2.587285157388242
87.9899,1.1441688336680205
88.0481,-2.455863142683507
88.1326,-1.5707963267948966
88.275,-2.831889709047337
88.4204,-1.6107750139181867
88.56299999999997,-2.677945044588987
88.7025,2.7686049317897323
88.8368,0.8902751021276822
88.9792,-2.095592098445004
89.00399999999998,2.8068558162729786
89.1447,-1.1071487177940904
89.2975,-1.0370881351556351
89.4383,-0.08314123188844123
89.5809,1.373400766945016
89.7265,-1.6506263125071339
89.8665,1.6142472221864275
89.8898,2.7928216500058864
90.0368,2.498091544796509
90.1817,-1.4410937896389846
90.323,2.17084654019665
90.4623,-1.965587446494658
90.4901,1.0460005551447893
90.4957,-2.9340964271545906
90.6401,0.0
90.7796,-0.3347368373168147
91.311,-1.7975951748487824
92.0456,2.137525544318403
92.407,-2.819842099193151
92.5529,-2.0344439357957027
92.7036,-1.382574821490126
92.8408,2.158798930342464
92.989,-1.9693187724613168
93.1371,1.1071487177940904
93.2767,-1.1659045405098132
93.4175,-2.44685437739309
93.5594,0.7419472680059175
93.6989,0.06241880999595735
93.8403,-2.4227626539681686
93.9811,0.40489178628508343
94.0059,-1.1441688336680205
94.0403,-2.279422598922567
94.1819,0.18534794999569476
94.3215,-1.7975951748487824
94.4588,-3.0309354324158977
94.4859,2.2318394956455836
94.6326,1.892546881191539
94.6594,-1.892546881191539
94.7998,0.24497866312686414
94.8225,1.0191413442663497
94.8461,-2.427501954977635
94.8729,-1.1479424006619559
95.0006,-2.593043251139265
95.14,-1.1722738811284763
95.2364,3.0890095919788516
95.2791,1.5707963267948966
95.4213,2.0899424410414196
95.561,0.0
95.7013,-0.39852244566642026
95.8399,-1.5042281630190728
95.9827,2.896613990462929
96.1219,-0.06656816377582381
96.2599,-2.5702551737561663
96.4007,1.2793395323170296
96.5442,0.9151007005533605
96.6846,-0.19739555984988075
96.7096,-1.7894652726688385
96.8537,-1.3258176636680326
97.0,3.0090411212931194
97.1388,-1.9513027039072615
97.2793,-1.6262948320406134
97.42,-1.4219063791853994
97.56,0.9048270894157867
97.6841,2.9147938055359073
97.8344,-2.356194490192345
97.9802,-1.5707963267948966
98.1197,0.24497866312686414
98.251,1.9347752833045406
98.4,-1.0222469243443686
98.5603,-2.2531128816696446
98.5845,-0.6823165548747481
98.7394,1.804539507663798
98.8843,-1.7894652726688385
99.0096,2.2655346029916
99.1514,2.723368324010564
99.1954,0.23109066719589708
99.2351,2.91811605244916
99.3763,0.27829965900511133
99.5205,-2.2264919530364327
99.6601,-3.058451421701352
99.8024,2.7091848780192556
99.941,2.5672878234150915
100.082,-2.356194490192345
100.221,-1.5707963267948966
100.361,-0.2914567944778671
100.501,-0.19739555984988075
100.643,1.2120256565243244
100.783,-0.9357695914045828
100.859,2.91811605244916
100.924,2.44685437739309
101.062,-2.0344439357957027
101.202,1.4352686128093959
101.341,-1.9936502529278373
101.494,3.099950074491205
101.638,-0.9505468408120752
101.78,3.017237659043032
101.921,-1.8545904360032244
102.062,-0.5633162614919681
102.203,-0.12435499454676144
102.34,-0.04164257909858842
102.502,-0.8156919233162234
102.641,0.7568345055586884
102.782,-0.7266423406817256
102.817,1.1659045405098132
102.962,0.9272952180016122
103.102,-1.2847448850775784
103.24,-2.158798930342464
103.337,2.7776136970801493
103.348,-2.1962813670341257
103.357,-1.373400766945016
103.368,-1.7126933813990606
103.374,-1.9832067683922838
103.518,1.1071487177940904
103.661,0.17219081452293902
103.8,2.356194490192345
103.83,3.0309354324158977
103.849,-2.1112158270654806
103.854,1.8804992713373527
103.973,2.321725389192837
104.118,-1.6575346654708818
104.265,-2.0647376957144776
104.296,2.32590073027357
104.324,2.516107613350564
104.348,-0.22347660114063303
104.49,0.13552771398550073
104.632,-2.593043251139265
104.778,2.0831857871056343
104.919,1.6475682180646747
105.078,2.5308666892005847
105.105,-1.7126933813990606
105.252,-2.5748634360662868
105.277,-1.1479424006619559
105.282,2.774418819771574
105.296,-1.2220253232109897
105.304,-1.923786714621807
105.315,2.7532739354173272
105.33,0.5317240672588056
105.339,2.05527425583192
105.352,-1.6262948320406134
105.38,2.1112158270654806
105.397,0.9994588469612699
105.402,0.09065988720074511
105.414,-0.24497866312686414
105.422,2.439335722080786
105.43,-0.982793723247329
105.435,-1.837048375945822
105.453,0.43662715981354133
105.464,2.5702551737561663
105.472,1.9513027039072615
105.48,-2.9562447035940984
105.491,2.356194490192345
105.499,-0.6202494859828215
105.507,-0.6055446636049701
105.515,-0.9652516631899266
105.579,2.0344439357957027
105.719,0.3671738338182192
105.859,-0.7419472680059175
106.001,-3.0750244898139694
106.14,-1.4711276743037347
106.166,1.1071487177940904
106.276,2.761086276477428
106.318,2.5702551737561663
106.461,-1.1441688336680205
106.484,-0.35877067027057225
106.623,0.05258306161094172
106.761,2.488746022489019
106.822,3.054854314913808
106.918,1.8157749899217608
106.961,-1.8622531212727638
107.1,1.1341691669813554
107.239,-0.15660187698201536
107.38,1.923786714621807
107.521,2.0344439357957027
107.547,-1.642103791580187
107.682,-1.35970299357215
107.707,3.141592653589793
107.852,1.6373644905707205
108.002,2.5535900500422257
108.143,0.5516549825285468
108.17,-1.1341691669813554
108.202,2.2655346029916
108.229,-0.5516549825285468
108.276,2.2655346029916
108.37,-1.695151321341658
108.413,-0.11710874456686428
108.565,0.7419472680059175
108.713,1.5707963267948966
108.844,1.35970299357215
108.88,1.373400766945016
108.903,2.4668517113662407
108.913,3.141592653589793
108.924,0.982793723247329
108.937,1.3439974787410107
109.021,0.2914567944778671
109.039,0.348771003583907
109.059,-2.399645385583876
109.063,-2.399645385583876
109.091,1.925501978805837
109.1,-1.2315037123408519
109.213,0.37089128881266237
109.218,1.4536875822280324
109.223,-0.9380474917927135
109.243,-3.036715714859559
109.255,-1.1801892830972098
109.26,0.48689923181126904
109.267,0.35299038782691045
109.308,-1.039072259536091
109.319,1.6657480331376529
109.326,-2.7187387274568526
109.333,-1.4536875822280324
109.348,0.4444192099010989
109.378,1.5253730473733196
109.51,-0.19739555984988075
109.54,0.21109333322274654
109.604,1.9832067683922838
109.64,2.8023000391357487
109.669,2.0344439357957027
109.792,1.2847448850775784
109.802,-3.0890095919788516
109.807,1.1441688336680205
109.821,2.321725389192837
109.83,2.356194490192345
109.844,-0.2662520491509254
109.977,-0.7853981633974483
110.105,2.9533711482850227
110.236,-1.3045442776439713
110.376,-0.6947382761967031
110.403,3.054854314913808
110.544,2.2318394956455836
110.575,0.982793723247329
110.61,0.8884797719201485
110.756,2.969401839066854
110.798,-0.6889243882148613
110.939,-1.8157749899217608
111.068,-3.046640947247037
111.122,-2.356194490192345
111.132,2.714965160462917
111.157,-0.09495170634275632
111.166,0.9964914966201949
111.195,-2.323947607757091
111.327,-3.011890116433881
111.332,-1.2679114584199251
111.345,0.6146629519221655
111.356,1.8622531212727638
111.364,-2.4756234162106834
111.464,1.5152978215491797
111.494,1.3258176636680326
111.621,2.223642957895671
111.649,1.7681918866447774
111.698,-2.788602265762883
111.707,-0.9179496956941223
111.715,3.141592653589793
111.723,1.382574821490126
111.786,3.054854314913808
111.915,-0.4636476090008061
111.941,-1.4758446204521403
112.073,-2.356194490192345
112.208,0.7266423406817256
112.286,-0.9097531579442097
112.349,-0.7188299996216245
112.408,2.743070207923373
112.419,0.7853981633974483
112.43,0.8224182792713783
112.438,1.4219063791853994
112.495,-1.1479424006619559
112.636,-1.6183794300718801
112.661,0.260602391747341
112.802,-0.36397895650964407
112.941,1.9074711461816238
113.081,2.642245931909663
113.227,-2.616796881939686
113.369,0.628796286415433
113.505,-0.4423742229767449
113.531,-1.7429871413178357
113.675,0.7853981633974483
113.803,-2.17084654019665
113.957,-2.3086113869153615
114.103,-2.452668265374932
114.139,1.6756732655251305
114.28,1.9513027039072615
114.42,-0.8198672643969563
114.563,-0.6823165548747481
114.702,1.1284221038181517
114.729,-1.856847768512215
114.865,-1.1284221038181517
115.004,1.8157749899217608
115.141,-1.0222469243443686
115.268,1.5707963267948966
115.303,2.4227626539681686
115.321,-1.0460005551447893
115.332,-1.1071487177940904
115.341,1.5083775167989393
115.351,1.9347752833045406
115.459,1.6704649792860586
115.466,-2.223642957895671
115.488,-0.2914567944778671
115.5,0.0
115.505,-0.4423742229767449
115.517,-1.6614562139956417
115.529,1.4288992721907328
115.554,0.8478169733934057
115.56,-3.054854314913808
115.57,-1.7063240407803975
115.577,-2.125103822996448
115.607,-0.8884797719201485
115.647,-1.067953115867036
115.682,0.8478169733934057
115.816,-1.837048375945822
115.94,1.804539507663798
115.997,-0.23374318086890142
116.018,2.6590793585673165
116.027,1.1479424006619559
116.041,0.5247957716501074
116.082,-2.593043251139265
116.136,2.4805494847391065
116.281,-3.0940095503128098
116.417,-0.18822150530477075
116.441,-0.24497866312686414
116.568,2.5652174329986095
116.604,2.4805494847391065
116.744,2.5269297016676275
116.878,-2.0647376957144776
116.912,0.14189705460416394
116.958,-1.2341215074081695
116.99,0.5743048301747018
117.114,1.4801364395941514
117.255,1.2924966677897853
117.379,0.2914567944778671
117.416,-1.5273454314033659
117.542,-1.1902899496825317
117.571,-3.0981417581982624
117.578,-0.09065988720074511
117.586,1.2220253232109897
117.593,0.12435499454676144
117.598,0.7853981633974483
117.605,-3.064820762320015
117.622,0.48088728019533583
117.67,-0.348771003583907
117.795,-0.6610431688506869
117.819,1.6614562139956417
117.942,0.8198672643969563
118.066,1.0303768265243125
118.191,2.7367008673047097
118.283,1.1071487177940904
118.291,-2.7776136970801493
118.3,2.616796881939686
118.315,-3.054854314913808
118.319,2.7776136970801493
118.474,-1.3258176636680326
118.502,1.5707963267948966
118.641,2.2706891965141405
118.779,2.804917834203066
118.939,0.17219081452293902
119.014,2.488746022489019
119.027,-2.961739153797315
119.037,-0.844153986113171
119.049,-0.6528466311007742
119.068,0.0
119.079,0.18534794999569476
119.083,2.356194490192345
119.092,-2.1112158270654806
119.103,0.13552771398550073
119.221,-2.539305307454829
119.361,-0.04345089539153084
119.502,-2.129395642138459
119.528,-1.9974238199217726
119.675,3.058451421701352
119.82,-0.20539538918976738
119.959,1.0584068664841588
120.099,-1.4141944498128813
120.243,-0.04995839572194276
120.317,-1.2341215074081695
120.382,0.5585993153435624
120.521,0.4636476090008061
120.659,0.4825132950224769
120.69,-2.91811605244916
120.838,-2.616796881939686
120.98,1.3439974787410107
121.121,-2.4149503129080676
121.27,2.0576955586061656
121.419,-1.2341215074081695
121.562,-0.5247957716501074
121.7,-2.1486982637571423
121.731,-2.4805494847391065
121.871,2.8501358591119264
122.009,0.08314123188844123
122.163,-0.722979353401491
122.307,1.9513027039072615
122.435,1.6657480331376529
122.596,-1.6207547225168393
122.73,-0.18534794999569476
122.879,2.539305307454829
123.021,-1.2924966677897853
123.161,2.7367008673047097
123.3,0.04345089539153084
123.438,1.9936502529278373
123.579,-1.4968572891369563
123.72,-3.017237659043032
123.86,2.91811605244916
123.999,-2.14717154738608
124.14,1.7429871413178357
124.233,2.44685437739309
124.237,-1.3909428270024184
124.25,-1.6142472221864275
124.26,2.007423486608438
124.27,-0.4228539261329407
124.281,-1.7126933813990606
124.42,2.701750070774057
124.561,1.2220253232109897
124.586,-2.1112158270654806
124.73,0.039978687123290044
124.878,-1.2627435457711202
124.902,1.0074800653029286
125.042,-2.297438667476622
125.182,-0.6610431688506869
125.226,1.6162196062164735
125.322,1.089909046599561
125.462,2.2730532583039036
125.601,-1.3352513460740332
125.625,-0.5516549825285468
125.65,0.6610431688506869
125.787,0.5516549825285468
125.929,2.388441372627599
125.981,-1.0222469243443686
126.012,2.4805494847391065
126.157,-1.39408747072486
126.3,1.6092389168160846
126.442,3.141592653589793
126.583,-0.4444192099010989
126.721,-2.677945044588987
126.862,-1.4940244355251187
127.001,-2.4061528859142878
127.138,1.804539507663798
127.227,0.5880026035475675
127.28,2.214297435588181
127.42,-0.28379410920832787
127.561,1.719686274404394
127.708,1.690225252813235
127.841,-2.452668265374932
127.981,0.23554498072086333
128.127,2.4805494847391065
128.269,2.0183163019520665
128.299,-1.642103791580187
128.437,2.677945044588987
128.562,-2.9340964271545906
128.592,0.23109066719589708
128.736,2.191045812777718
128.769,1.4288992721907328
128.911,-0.4993467216801301
129.05700000000002,2.9275319700259717
129.086,1.4288992721907328
129.264,2.642245931909663
129.289,2.0344439357957027
129.441,1.373400766945016
129.584,3.141592653589793
129.72899999999998,1.3258176636680326
129.784,2.4668517113662407
129.792,-2.2848870254070546
129.8,-0.7853981633974483
129.808,-0.14888994760949725
129.872,-2.432966381462123
129.9,2.804917834203066
129.911,-0.7509290623979403
129.92600000000002,-0.8253768505207384
129.939,-1.6233793884058383
130.031,1.7063240407803975
130.061,-2.0131705497716417
130.07,-1.849095985800008
130.075,-1.2490457723982544
130.083,-0.7188299996216245
130.088,-2.5127963671743605
130.095,0.3217505543966422
130.099,1.3521273809209546
130.11,-1.8766751981997487
130.115,-1.1722738811284763
130.125,1.1659045405098132
130.132,1.4288992721907328
130.154,-0.7551044034786732
130.158,0.40489178628508343
130.166,-2.6344941491974563
130.171,1.8766751981997487
130.18200000000002,-2.961739153797315
130.19299999999998,-1.6756732655251305
130.314,-1.1071487177940904
130.44,0.8685393952858895
130.567,-2.5899376710612465
130.611,-0.960070362405688
130.62,-1.0714496051147666
130.634,1.965587446494658
130.644,1.4288992721907328
130.655,-1.0303768265243125
130.74200000000002,2.79856871316909
130.756,-0.05258306161094172
130.872,1.2490457723982544
131.013,0.21109333322274654
131.15200000000002,-0.7853981633974483
131.236,-0.3217505543966422
131.284,0.14189705460416394
131.315,2.896613990462929
131.44799999999998,2.782821983319221
131.472,0.5880026035475675
131.514,1.9832067683922838
131.658,2.1112158270654806
131.785,-1.3473197256542635
131.79,-1.039072259536091
131.797,2.390663591191853
131.809,1.7234456551901618
131.821,-1.2315037123408519
131.915,2.0831857871056343
132.039,-2.1224513093234436
132.065,0.11710874456686428
132.19,-2.843093722003614
132.225,1.0584068664841588
132.363,-0.09065988720074511
132.488,1.2490457723982544
132.512,0.8960553845713439
132.524,1.7894652726688385
132.534,0.05258306161094172
132.545,2.1224513093234436
132.638,-0.058755822715722696
132.778,-2.647651284670212
132.922,2.2730532583039036
133.061,-2.992702705980296
133.09,3.017237659043032
133.11700000000002,-1.8417431771333173
133.259,0.3392926144540447
133.406,-1.719686274404394
133.542,1.2649174553900444
133.68,-2.6992184306130484
133.714,-0.7853981633974483
133.858,1.6207547225168393
133.885,-2.7509856098921066
134.019,2.4227626539681686
134.142,-0.7853981633974483
134.14700000000002,-2.5088438185876103
134.425,0.9685089806599324
134.451,1.1071487177940904
134.596,-0.3805063771123649
134.741,2.279422598922567
134.891,3.096169374168216
135.037,-2.9340964271545906
135.184,1.4659193880646628
135.211,-2.0131705497716417
135.35,-3.050932766389048
135.363,-1.8622531212727638
135.369,-0.39852244566642026
135.377,-1.4288992721907328
135.386,-1.6183794300718801
135.395,-0.6747409422235526
135.404,-0.9685089806599324
135.412,1.965587446494658
135.421,-2.593043251139265
135.43,-2.498091544796509
135.439,-1.4056476493802699
135.452,-2.9340964271545906
135.468,1.4141944498128813
135.476,0.21866894587394195
135.48,1.1071487177940904
135.485,2.4149503129080676
135.498,0.0
135.505,1.8157749899217608
135.515,-0.7188299996216245
135.523,-2.782821983319221
135.534,-2.539305307454829
135.54399999999998,-0.2860514417173182
135.56,2.838707785214822
135.571,-0.2984989315861793
135.576,-2.356194490192345
135.627,-0.48689923181126904
135.701,-2.819842099193151
135.77200000000002,-2.677945044588987
135.93200000000002,2.4227626539681686
136.08,1.6814535479687922
136.10299999999998,-1.217805938967986
136.221,1.1071487177940904
136.361,-0.24497866312686414
136.499,2.593043251139265
136.566,-3.058451421701352
136.64600000000002,2.5702551737561663
136.791,0.9505468408120752
136.838,0.9357695914045828
136.918,-0.5516549825285468
136.991,-2.5748634360662868
137.03799999999998,-1.8157749899217608
137.18,-1.1583858851975093
137.221,-0.8224182792713783
137.321,0.40489178628508343
137.46,1.6262948320406134
137.599,2.8555412118724752
137.622,-0.5713374798336268
137.749,0.0
137.892,2.999695598985629
138.03799999999998,1.5707963267948966
138.179,2.7509856098921066
138.32,-0.33667481938672716
138.459,2.7776136970801493
138.537,-1.356735643231075
138.564,-0.8198672643969563
138.569,-0.15660187698201536
138.57399999999998,-0.260602391747341
138.599,-1.313472611823808
138.725,-0.19739555984988075
138.752,-1.8157749899217608
138.877,2.0736395377227574
139.018,1.729451588981298
139.159,-2.875340604438868
139.256,-1.8766751981997487
139.315,2.9533711482850227
139.46,0.29544083714372
139.625,2.819842099193151
139.78,-1.1071487177940904
139.92,-1.7942729279355296
140.047,-1.5232132235179132
140.077,-0.1297025371559121
140.22,0.7853981633974483
140.36,-1.3101939350475555
140.501,0.11065722117389565
140.643,-3.104572537715863
140.667,-0.034469100999508014
140.808,0.2984989315861793
140.954,2.2455372690184494
140.987,-2.293775680196388
141.13299999999995,1.2490457723982544
141.278,2.214297435588181
141.436,-1.7359450042095235
141.578,0.7853981633974483
141.65,2.158798930342464
141.72,0.09065988720074511
141.749,-2.601173153319209
141.86,-1.6614562139956417
141.988,2.173083672929861
142.131,-1.7681918866447774
142.281,3.141592653589793
142.304,-1.9100889412489412
142.444,-1.3370531459259951
142.576,0.24497866312686414
142.594,1.2341215074081695
142.738,-2.5899376710612465
142.885,0.982793723247329
143.02200000000005,-1.3633001003596938
143.15200000000004,1.8157749899217608
143.293,1.0584068664841588
143.435,-0.8584387287005676
143.576,-1.9591150449673627
143.721,1.892546881191539
143.747,-2.432966381462123
143.882,0.2662520491509254
144.006,3.141592653589793
144.142,2.3805798993650633
144.295,-2.44685437739309
144.435,-1.4801364395941514
144.577,-1.6775319994440323
144.73,-0.3217505543966422
144.873,0.04542327942157701
144.899,-0.7531512809621944
145.039,-0.8760580505981934
145.191,-0.6435011087932844
145.33,-1.3258176636680326
145.455,2.896613990462929
145.6,-1.423717971406494
145.753,-2.694072678432623
145.9,-3.108271657711546
145.937,-1.1479424006619559
146.079,2.976443976175166
146.218,-2.601173153319209
146.363,-1.3521273809209546
146.5,2.7367008673047097
146.641,-1.4659193880646628
146.781,1.1659045405098132
146.921,0.0
146.94799999999995,-2.279422598922567
146.976,3.141592653589793
147.118,0.6327488350021832
147.262,-0.9097531579442097
147.4,0.8176450458327023
147.541,2.958481836327309
147.567,1.9974238199217726
147.705,-2.5702551737561663
147.843,2.0344439357957027
147.984,-2.297438667476622
148.01,1.2341215074081695
148.10299999999995,-2.0344439357957027
148.115,-1.299849476456476
148.135,-1.7561442767905915
148.144,2.6971734436886945
148.151,1.382574821490126
148.161,-2.961739153797315
148.167,1.0863183977578734
148.29399999999995,-0.4636476090008061
148.355,2.007423486608438
148.36700000000005,0.0
148.378,2.677945044588987
148.386,-2.2455372690184494
148.408,1.5707963267948966
148.441,0.3217505543966422
148.585,-0.5280744484263596
148.72299999999996,1.0303768265243125
148.75,2.1763409903998667
148.785,2.5535900500422257
148.923,0.40489178628508343
149.061,-0.4182243295792291
149.156,-0.5404195002705842
149.201,-1.892546881191539
149.366,-2.356194490192345
149.406,0.5404195002705842
149.518,-2.7367008673047097
149.612,-0.9707461133931431
149.623,1.1902899496825317
149.632,2.819842099193151
149.64,1.1583858851975093
149.66,-1.4056476493802699
149.686,0.8818719385800352
149.821,-2.214297435588181
149.965,0.5585993153435624
150.111,-2.356194490192345
150.255,1.4141944498128813
150.399,-1.9936502529278373
150.53799999999995,1.7234456551901618
150.596,1.3258176636680326
150.679,-2.516107613350564
150.82299999999995,2.20354516179708
150.97799999999995,1.6207547225168393
151.123,1.3370531459259951
151.156,-1.1284221038181517
151.264,3.0940095503128098
151.40200000000004,2.835713782184941
151.407,-1.8417431771333173
151.542,2.104504518434158
151.572,0.5779019369622457
151.707,-2.185459278717062
151.73,-0.982793723247329
151.877,-1.2277723863741932
152.018,0.6610431688506869
152.049,-1.892546881191539
152.196,2.5308666892005847
152.341,0.12435499454676144
152.481,-3.024483909022929
152.62,2.601173153319209
152.759,0.4636476090008061
152.912,0.2914567944778671
153.05100000000004,-1.8817946074004375
153.10399999999996,1.4758446204521403
153.24200000000005,-2.1451011569695986
153.27,0.6610431688506869
153.41299999999995,-0.35877067027057225
153.555,-1.1284221038181517
153.697,-1.3156139361740782
153.833,1.4559197213779975
153.989,-1.1902899496825317
154.142,1.7975951748487824
154.31,-0.8760580505981934
154.335,-2.6135182051634334
154.477,-1.4219063791853994
154.621,-1.0074800653029286
154.763,1.6506263125071339
154.908,0.22347660114063303
155.042,-0.05258306161094172
155.166,0.09065988720074511
155.183,0.16514867741462683
155.31799999999996,2.782821983319221
155.322,-2.922923707715851
155.416,2.4668517113662407
155.464,-2.838707785214822
155.60299999999995,2.7509856098921066
155.76,-0.13255153229667402
155.9,-2.922923707715851
156.039,-0.9944211062037129
156.18200000000004,2.896613990462929
156.32299999999995,-3.011890116433881
156.46,-2.388441372627599
156.601,3.0090411212931194
156.741,0.4636476090008061
156.88,3.141592653589793
157.026,1.5707963267948966
157.156,-1.0191413442663497
157.282,1.2220253232109897
157.325,-2.297438667476622
157.465,0.04995839572194276
157.591,-2.498091544796509
157.737,-2.0899424410414196
157.881,-2.6344941491974563
158.007,0.09065988720074511
158.03,-2.14717154738608
158.055,-2.0344439357957027
158.178,0.5337081916392615
158.217,-2.214297435588181
158.345,2.505084437801842
158.472,2.7091848780192556
158.5,-1.8438050298816073
158.641,-3.104572537715863
158.78,-0.3347368373168147
158.924,2.7928216500058864
159.061,-0.5763752205911837
159.136,0.5713374798336268
159.278,2.930499320367047
159.41899999999995,2.651635327336065
159.446,-1.3909428270024184
159.58100000000005,3.141592653589793
159.608,2.390663591191853
159.754,-1.4743225516123097
159.895,-0.9420000403794636
160.062,2.403777593469328
160.203,-1.6539375586833378
160.344,-1.0303768265243125
160.494,2.158798930342464
160.643,-0.982793723247329
160.781,1.6814535479687922
160.92600000000004,2.007423486608438
160.988,-2.5535900500422257
161.078,0.23109066719589708
161.108,0.9380474917927135
161.234,-0.11065722117389565
161.359,-0.7853981633974483
161.484,1.892546881191539
161.611,-1.7359450042095235
161.709,2.1112158270654806
161.717,-1.719686274404394
161.733,0.7853981633974483
161.741,-1.5232132235179132
161.746,0.7853981633974483
161.882,0.8685393952858895
162.02100000000004,2.835713782184941
162.135,-0.260602391747341
162.159,2.62244653934327
162.184,-1.1824776086224307
162.194,-0.16910122600137703
162.34,-2.0899424410414196
162.481,1.2277723863741932
162.622,-3.011890116433881
162.746,-1.727398203776912
162.873,-2.384758148031105
163.016,1.97568811307998
163.043,0.04164257909858842
163.083,1.5253730473733196
163.195,1.5707963267948966
163.21200000000005,0.39852244566642026
163.35399999999996,0.36397895650964407
163.435,-0.6659692373791098
163.494,-1.356735643231075
163.549,2.17084654019665
163.56,-0.6202494859828215
163.566,-2.8023000391357487
163.57,2.6590793585673165
163.58,2.5213431676069717
163.585,-2.677945044588987
163.592,2.4227626539681686
163.6,0.0
163.619,0.982793723247329
163.63,-0.982793723247329
163.635,-0.982793723247329
163.656,-1.825978717415715
163.685,-0.6998928697192437
163.725,0.5404195002705842
163.751,-1.0563450137358688
163.778,0.3430239404207034
163.786,-2.7686049317897323
163.793,0.4844779290370232
163.8,1.2277723863741932
163.82399999999996,-0.9272952180016122
163.828,-2.6971734436886945
163.873,0.507098504392337
163.90099999999995,-1.7681918866447774
163.93,0.7853981633974483
163.959,-0.24497866312686414
163.986,2.2455372690184494
164.017,-2.6971734436886945
164.15099999999995,-0.1586552621864014
164.18599999999995,2.819842099193151
164.217,-2.819842099193151
164.243,1.8157749899217608
164.271,-2.1112158270654806
164.27599999999995,1.4711276743037347
164.283,1.9437840485949576
164.292,-2.5308666892005847
164.3,2.819842099193151
164.305,1.941687615607559
164.458,0.6202494859828215
164.597,2.060753653048625
164.739,-1.2847448850775784
164.854,-0.9048270894157867
164.859,-2.6590793585673165
164.878,-1.9195673303788037
165.02599999999995,2.399645385583876
165.176,-2.312743594800814
165.18099999999995,-3.1016139664665032
165.19099999999997,2.5652174329986095
165.2,-2.601173153319209
165.209,2.0736395377227574
165.321,2.875340604438868
165.386,0.13552771398550073
165.391,-1.2924966677897853
165.4,-0.5543074962015512
165.408,-1.5232132235179132
165.42,1.7561442767905915
165.43200000000004,-1.8438050298816073
165.44099999999997,3.141592653589793
165.457,-2.4061528859142878
165.46099999999996,0.9505468408120752
165.475,-1.4876550949064553
165.484,-0.625485040239229
165.493,-2.999695598985629
165.502,-0.24497866312686414
165.513,-2.90604767286893
165.533,-1.446441332248135
165.544,0.4636476090008061
165.57,3.017237659043032
165.578,0.4636476090008061
165.59099999999995,2.223642957895671
165.59900000000005,-0.9685089806599324
165.604,-2.930499320367047
165.612,0.6107259643892086
165.62400000000005,-2.393214606066275
165.63099999999997,1.446441332248135
165.66400000000004,-0.24497866312686414
165.803,-1.3439974787410107
165.827,-0.844153986113171
165.96200000000005,-0.3906070436976868
166.102,-1.1659045405098132
166.24200000000005,-0.08673833867598511
166.37,2.5065659181994793
166.386,1.2627435457711202
166.399,1.356735643231075
166.426,-0.29544083714372
166.453,-2.761086276477428
166.59599999999998,-0.6202494859828215
166.741,2.5535900500422257
166.88099999999997,3.017237659043032
167.02,1.0303768265243125
167.15900000000005,-0.08314123188844123
167.3,-2.616796881939686
167.442,1.6738779353175968
167.582,-1.5232132235179132
167.72099999999998,-0.7853981633974483
167.747,-2.843093722003614
167.87,1.6262948320406134
167.933,1.2722973952087173
168.003,1.9195673303788037
168.143,-0.7354397676755056
168.282,2.2264919530364327
168.386,-2.9562447035940984
168.42,1.5707963267948966
168.446,2.256525837701183
168.47099999999998,-1.9513027039072615
168.61,-0.6556956262415362
168.75799999999995,-2.774418819771574
168.90200000000004,1.1071487177940904
169.047,2.2455372690184494
169.188,1.7681918866447774
169.31599999999997,2.2058230621852104
169.47,0.0
169.609,-1.1583858851975093
169.64700000000005,2.498091544796509
169.79,-1.6704649792860586
169.937,-2.7686049317897323
170.078,-2.804917834203066
170.22099999999998,1.4056476493802699
170.36,1.6233793884058383
170.50099999999995,-0.5880026035475675
170.63099999999997,-1.2490457723982544
170.755,3.141592653589793
170.898,1.3654009376051293
171.03900000000004,-2.4116929954380617
171.18,2.384758148031105
171.322,0.13552771398550073
171.352,-0.9707461133931431
171.497,-2.173083672929861
171.641,0.2662520491509254
171.78,0.8519663271732721
171.92,2.62244653934327
172.06099999999995,-0.7378150601204649
172.2,2.647651284670212
172.33900000000003,0.8850668158886104
172.395,3.011890116433881
172.477,-0.27829965900511133
172.61900000000003,0.2914567944778671
172.737,0.4636476090008061
172.75400000000005,1.633215136790854
172.764,-1.460139105621001
172.77200000000005,-1.6814535479687922
172.78400000000005,0.6055446636049701
172.794,-1.6539375586833378
172.835,1.6373644905707205
172.888,-0.6556956262415362
172.899,-0.4993467216801301
172.90599999999995,-2.007423486608438
172.91299999999995,-2.399645385583876
172.983,0.5516549825285468
173.023,0.7853981633974483
173.02700000000004,0.0
173.03799999999995,-0.7853981633974483
173.042,2.7367008673047097
173.06,-1.5707963267948966
173.06400000000005,-0.8960553845713439
173.075,2.7928216500058864
173.079,-0.27829965900511133
173.09099999999995,-1.4711276743037347
173.09799999999996,-1.5707963267948966
173.106,2.256525837701183
173.114,-2.999695598985629
173.12099999999995,1.176005207095135
173.136,-1.849095985800008
173.143,-1.7818896600176433
173.15400000000002,0.507098504392337
173.16099999999997,1.1902899496825317
173.166,2.297438667476622
173.299,-1.7590178320996674
173.426,-2.223642957895671
173.467,-0.388318718172466
173.49599999999995,-1.7063240407803975
173.595,2.9340964271545906
173.602,1.1659045405098132
173.611,2.9562447035940984
173.62400000000005,2.9105019863938963
173.628,1.5707963267948966
173.66099999999997,0.8519663271732721
173.68599999999995,2.0344439357957027
173.69,-0.06241880999595735
173.796,-2.1815222911841055
173.82299999999995,-0.16514867741462683
173.889,-1.4940244355251187
173.893,2.642245931909663
173.951,-1.5042281630190728
174.093,1.5152978215491797
174.118,0.3671738338182192
174.172,-1.5707963267948966
174.2,-2.0344439357957027
174.328,1.2870022175865687
174.352,-2.539305307454829
174.395,1.0121970114513341
174.547,-1.9936502529278373
174.676,0.08314123188844123
174.81099999999995,0.348771003583907
174.93900000000005,2.976443976175166
174.94799999999995,-2.1112158270654806
174.953,-1.4288992721907328
174.96,-2.729182211992406
174.96900000000005,1.2220253232109897
174.982,3.0916342578678506
175.012,1.719686274404394
175.041,-0.3671738338182192
175.183,1.7975951748487824
175.31099999999995,1.8588517738455226
175.435,1.089909046599561
175.56,2.4668517113662407
175.65,2.645169900184911
175.658,2.645169900184911
175.667,1.9055331641117113
175.674,-2.4668517113662407
175.69799999999995,2.711830374493105
175.84,2.677945044588987
175.87,-0.16514867741462683
176.018,-1.6856729322117958
176.15900000000005,-3.011890116433881
176.298,-1.0303768265243125
176.438,2.6954871046463897
176.581,-0.4993467216801301
176.72,1.729451588981298
176.859,-1.4513674007765582
176.99900000000005,-1.1801892830972098
177.14,-3.036715714859559
177.282,-1.9936502529278373
177.42,-0.6435011087932844
177.56,2.4805494847391065
177.69799999999995,-2.0576955586061656
177.84599999999998,1.1284221038181517
177.984,-2.2531128816696446
178.125,2.5535900500422257
178.266,-1.9513027039072615
178.41400000000004,-2.8706458032513726
178.55900000000003,-1.0516502125483738
178.701,2.930499320367047
178.84099999999995,0.22679884805388587
178.981,1.5707963267948966
179.139,0.9151007005533605
179.237,-0.48088728019533583
179.28099999999995,-1.804539507663798
179.421,-2.5127963671743605
179.458,1.849095985800008
179.468,-3.050932766389048
179.475,2.2367655641740063
179.48,0.09065988720074511
179.489,-2.976443976175166
179.576,-0.4636476090008061
179.71900000000005,1.873681195169868
179.861,-0.2914567944778671
180.0,1.8766751981997487
180.02900000000002,-3.1016139664665032
180.17,-1.9138202672156
180.32,-1.5707963267948966
180.417,-1.9974238199217726
180.465,2.173083672929861
180.601,0.722979353401491
180.746,-0.4228539261329407
180.775,-1.0303768265243125
180.904,-0.06241880999595735
181.041,-1.8018869939907938
181.18,0.22347660114063303
181.32,-2.427501954977635
181.46,-0.5028432109278608
181.603,0.04164257909858842
181.749,-0.3392926144540447
181.895,1.5707963267948966
182.041,-2.0899424410414196
182.179,-2.6971734436886945
182.321,1.8018869939907938
182.347,-0.8156919233162234
182.49400000000003,-2.8577985443814655
182.638,0.5247957716501074
182.779,2.1995926132103296
182.92,1.0743735733900148
183.081,1.8588517738455226
183.222,3.061762667877556
183.364,0.7853981633974483
183.504,0.3217505543966422
183.64,1.2490457723982544
183.773,-1.6142472221864275
183.915,-1.2360594894780819
183.941,-1.460139105621001
184.013,-2.0131705497716417
184.083,0.6823165548747481
184.111,1.6092389168160846
184.257,-0.08314123188844123
184.399,-1.5707963267948966
184.54,-1.35970299357215
184.678,0.11710874456686428
184.707,2.427501954977635
184.852,-1.2036224929766774
184.988,0.5516549825285468
185.006,-2.7367008673047097
185.027,-0.628796286415433
185.052,-1.0768549578753155
185.194,1.0584068664841588
185.342,2.5702551737561663
185.36900000000003,3.070285188804503
185.516,-1.5707963267948966
185.657,-2.651635327336065
185.797,-1.2036224929766774
185.95,0.8253768505207384
186.095,-1.849095985800008
186.245,0.06656816377582381
186.393,0.982793723247329
186.557,-2.8632929945846817
186.705,-1.4711276743037347
186.831,-0.9420000403794636
186.858,0.05258306161094172
187.006,-2.578276392097825
187.011,0.7853981633974483
187.147,-1.217805938967986
187.177,0.48689923181126904
187.315,-2.312743594800814
187.333,0.6146629519221655
187.337,0.6146629519221655
187.346,1.849095985800008
187.364,-1.067953115867036
187.373,-3.024483909022929
187.478,3.017237659043032
187.622,-2.804917834203066
187.759,0.6556956262415362
187.901,-0.9994588469612699
187.927,2.774418819771574
188.062,-2.129395642138459
188.088,1.2120256565243244
188.233,-2.0344439357957027
188.272,0.15264932839526515
188.316,1.6539375586833378
188.405,0.8850668158886104
188.542,0.35877067027057225
188.565,-2.961739153797315
188.712,3.141592653589793
188.881,-2.677945044588987
189.023,2.5535900500422257
189.164,-0.7853981633974483
189.194,-0.5880026035475675
189.337,1.7359450042095235
189.36,-2.2073045425828477
189.49,-0.2860514417173182
189.634,2.356194490192345
189.661,0.21866894587394195
189.799,2.4756234162106834
189.94,1.5232132235179132
190.101,-2.356194490192345
190.274,-2.677945044588987
190.3,1.2120256565243244
190.316,-0.16514867741462683
190.441,2.393214606066275
190.58,2.796037073008081
190.721,-2.770701364777131
190.861,-2.9533711482850227
190.998,-2.976443976175166
191.025,-2.214297435588181
191.138,1.3909428270024184
191.281,-1.35970299357215
191.418,0.6610431688506869
191.561,-0.9505468408120752
191.701,-1.512040504079174
191.842,-2.999695598985629
191.86900000000003,0.11065722117389565
192.018,-2.976443976175166
192.045,0.4636476090008061
192.17,1.0636978224025597
192.194,-1.9513027039072615
192.337,1.3045442776439713
192.481,2.8501358591119264
192.63,2.44685437739309
192.777,0.6947382761967031
192.904,-0.2860514417173182
192.93400000000003,-0.5280744484263596
193.077,-1.1071487177940904
193.221,-1.0222469243443686
193.363,0.8760580505981934
193.502,-0.11065722117389565
193.642,0.7188299996216245
193.781,0.08673833867598511
193.922,0.507098504392337
194.063,-2.922923707715851
194.2,0.24497866312686414
194.327,-2.007423486608438
194.33900000000003,2.5308666892005847
194.483,2.356194490192345
194.62,-0.15264932839526515
194.761,-2.616796881939686
194.79,2.992702705980296
194.936,-2.7868870015788527
195.08,-2.9147938055359073
195.219,-1.2036224929766774
195.36,2.804917834203066
195.391,-1.1071487177940904
195.396,1.1902899496825317
195.404,2.9340964271545906
195.412,0.348771003583907
195.422,0.5028432109278608
195.447,-0.388318718172466
195.461,1.0164888305933455
195.47,2.473303234759209
195.483,-2.704965493776252
195.496,-1.5208379310729538
195.502,1.6704649792860586
195.506,-1.1071487177940904
195.511,2.8842689386187046
195.52,2.388441372627599
195.532,0.7454194762741583
195.546,2.988943325194528
195.555,-1.1441688336680205
195.567,2.0152155366959956
195.582,0.27829965900511133
195.6,1.1902899496825317
195.604,2.999695598985629
195.617,1.5208379310729538
195.627,2.2058230621852104
195.637,-2.1112158270654806
195.669,1.6614562139956417
195.716,-0.34555558058171215
195.816,1.4352686128093959
195.957,1.356735643231075
196.096,3.0419240010986313
196.117,2.356194490192345
196.126,-0.4636476090008061
196.139,2.79856871316909
196.236,-2.4227626539681686
196.262,2.9441970937399127
196.391,-0.9380474917927135
196.537,-0.18534794999569476
196.608,-1.0768549578753155
196.68,-2.0344439357957027
196.823,2.0344439357957027
196.956,2.999695598985629
196.976,-1.7894652726688385
197.12,-0.7419472680059175
197.258,1.1071487177940904
197.398,1.7681918866447774
197.539,2.2655346029916
197.68,1.7975951748487824
197.821,1.687905071361761
197.96400000000003,-0.982793723247329
198.107,0.7853981633974483
198.24400000000003,-0.7853981633974483
198.275,0.9685089806599324
198.409,-2.44685437739309
198.541,-2.5748634360662868
198.578,1.97568811307998
198.596,2.5088438185876103
198.685,-0.43240777557053783
198.709,2.396173177315635
198.85,2.2367655641740063
199.002,-2.356194490192345
199.035,0.6610431688506869
199.146,-1.719686274404394
199.191,-1.3045442776439713
199.293,0.07677189126977804
199.438,0.43662715981354133
199.577,-1.9832067683922838
199.718,1.6814535479687922
199.74400000000003,2.62244653934327
199.89,0.06241880999595735
199.921,3.079173843593836
200.069,2.896613990462929
200.14,-0.4636476090008061
200.282,-2.0106389096106327
200.435,-0.7853981633974483
200.579,1.0838970949836275
200.718,-0.8288490587889792
200.74400000000003,1.7359450042095235
200.787,0.24497866312686414
200.937,-0.5123894603107377
201.079,2.5127963671743605
201.222,-0.4844779290370232
201.397,-1.8157749899217608
201.54,3.141592653589793
201.68,0.7419472680059175
201.79,2.8461518164460733
201.819,-2.356194490192345
201.959,3.0309354324158977
202.101,-3.099950074491205
202.241,0.982793723247329
202.356,1.695151321341658
202.393,1.1263771168937977
202.542,1.5273454314033659
202.606,0.6350267353903137
202.681,2.104504518434158
202.797,-0.49394136891958124
202.804,0.04542327942157701
202.812,-1.7063240407803975
202.821,1.892546881191539
202.825,-1.373400766945016
202.966,-1.1479424006619559
203.122,-2.293775680196388
203.252,-1.4711276743037347
203.279,-2.0576955586061656
203.421,1.7782925532300993
203.56,-0.625485040239229
203.7,1.2753554896511765
203.84,3.058451421701352
203.866,-0.4266274931268761
203.893,1.2924966677897853
203.923,-2.5702551737561663
203.948,2.7928216500058864
204.086,2.5702551737561663
204.222,1.9513027039072615
204.257,-1.2679114584199251
204.283,-2.356194490192345
204.418,0.4398425828157362
204.56,-2.7928216500058864
204.7,-1.9936502529278373
204.841,2.432966381462123
204.981,0.43662715981354133
205.12,0.7509290623979403
205.146,1.1284221038181517
205.29,-0.7188299996216245
205.437,1.1999050379822342
205.58,-2.5127963671743605
205.724,2.7928216500058864
205.868,1.2722973952087173
205.895,0.4398425828157362
206.038,2.485897027348257
206.18,-0.3217505543966422
206.203,0.0
206.341,-0.3028848683749714
206.466,-1.5707963267948966
206.489,-2.5088438185876103
206.633,-1.6233793884058383
206.76,1.7894652726688385
206.785,-1.4382447944982226
206.793,-2.677945044588987
206.8,1.7681918866447774
206.813,0.4228539261329407
206.901,1.4056476493802699
207.041,-2.505084437801842
207.069,-3.0045264792796056
207.195,-0.6435011087932844
207.33900000000003,-1.039072259536091
207.482,1.1441688336680205
207.621,0.8519663271732721
207.758,-1.4352686128093959
207.901,0.04164257909858842
208.043,1.356735643231075
208.072,2.17084654019665
208.206,3.064820762320015
208.211,1.3258176636680326
208.36,-2.677945044588987
208.5,2.647651284670212
208.64,2.32590073027357
208.782,-1.5707963267948966
208.919,1.3370531459259951
209.05900000000003,-1.8281200417659853
209.202,-0.7853981633974483
209.343,-2.5213431676069717
209.481,-0.5280744484263596
209.624,1.0303768265243125
209.759,2.356194490192345
209.902,-2.0152155366959956
210.046,2.5672878234150915
210.074,-0.9272952180016122
210.098,3.141592653589793
210.227,-2.4756234162106834
210.266,2.601173153319209
210.401,1.5707963267948966
210.541,-1.2490457723982544
210.636,-3.0828368308740703
210.68400000000003,0.4636476090008061
210.819,0.2860514417173182
210.961,-1.4181469983996315
211.101,0.8198672643969563
211.241,-1.2490457723982544
211.316,-0.9272952180016122
211.381,-0.3217505543966422
211.52,1.7894652726688385
211.555,0.4636476090008061
211.663,3.011890116433881
211.816,1.5707963267948966
211.86,2.356194490192345
211.867,1.1284221038181517
211.886,0.8288490587889792
211.892,0.8567056281827387
211.957,-0.37089128881266237
211.962,0.8288490587889792
211.974,-0.20749622643520266
211.984,-1.7681918866447774
211.99,0.27094685033842053
211.996,1.042721878368537
212.031,-0.40489178628508343
212.069,-0.2860514417173182
212.111,-0.3671738338182192
212.116,0.5404195002705842
212.124,1.5707963267948966
212.128,-1.695151321341658
212.143,-0.3392926144540447
212.147,-0.3392926144540447
212.151,-0.3392926144540447
212.162,1.1659045405098132
212.166,-0.6202494859828215
212.18,-0.2984989315861793
212.185,-0.2984989315861793
212.189,-0.2984989315861793
212.199,-1.2036224929766774
212.204,1.0714496051147666
212.211,1.0714496051147666
212.215,1.8157749899217608
212.219,-0.7853981633974483
212.227,0.6202494859828215
212.232,-2.2455372690184494
212.239,1.373400766945016
212.354,0.5880026035475675
212.377,2.4149503129080676
212.521,1.7126933813990606
212.645,1.3633001003596938
212.721,2.840672419229368
212.728,-0.7853981633974483
212.74400000000003,1.1606689862534056
212.755,1.1071487177940904
212.781,-2.3805798993650633
212.814,-2.994514298201391
212.95,2.0344439357957027
212.981,-2.8632929945846817
213.122,-1.1071487177940904
213.262,-2.6292031932790554
213.401,2.6292031932790554
213.425,-1.892546881191539
213.45,2.5088438185876103
213.492,-1.6142472221864275
213.515,2.819842099193151
213.64,2.125103822996448
213.667,1.2360594894780819
213.793,-2.0831857871056343
213.852,-0.3217505543966422
213.861,-1.3101939350475555
213.868,-1.9138202672156
213.877,1.1071487177940904
213.937,0.9685089806599324
214.062,-2.0701430484750265
214.085,2.5127963671743605
214.114,2.969401839066854
214.241,2.214297435588181
214.272,3.017237659043032
214.364,0.18534794999569476
214.394,0.6947382761967031
214.522,1.7359450042095235
214.588,1.1071487177940904
214.598,-0.22347660114063303
214.607,-3.096169374168216
214.614,2.173083672929861
214.661,1.97568811307998
214.8,2.5535900500422257
214.94,-0.6435011087932844
215.09,0.16514867741462683
215.239,-2.0701430484750265
215.366,0.8760580505981934
215.382,-2.875340604438868
215.52,-2.4149503129080676
215.546,0.11710874456686428
215.666,-2.782821983319221
215.691,-1.0303768265243125
215.829,1.7454685258031364
215.969,2.704965493776252
216.106,-1.5707963267948966
216.245,2.356194490192345
216.385,2.5899376710612465
216.52,0.15264932839526515
216.545,1.460139105621001
216.681,-0.8253768505207384
216.818,1.892546881191539
216.971,2.9441970937399127
217.106,2.4149503129080676
217.253,1.5707963267948966
217.366,-0.4423742229767449
217.4,2.0533096218173736
217.542,-2.0831857871056343
217.567,-1.217805938967986
217.697,-0.9272952180016122
217.734,1.6539375586833378
217.763,0.10487693873023389
217.793,1.6475682180646747
217.82,2.4756234162106834
217.824,1.1441688336680205
217.831,-0.23109066719589708
217.841,1.9295669970654687
217.848,3.0860941483440762
217.966,-2.158798930342464
217.971,0.4636476090008061
217.976,1.0636978224025597
217.982,0.8519663271732721
217.991,2.8809902618424523
217.995,3.141592653589793
218.0,0.7853981633974483
218.01,0.7188299996216245
218.014,2.9441970937399127
218.024,-1.4994888620096063
218.029,-1.965587446494658
218.041,-2.677945044588987
218.048,-1.5707963267948966
218.053,-2.976443976175166
218.064,2.9669204545815537
218.068,-2.3036114285814033
218.078,1.7126933813990606
218.085,0.8329812666744317
218.141,2.647651284670212
218.262,1.837048375945822
218.386,-2.9562447035940984
218.395,-2.0831857871056343
218.511,-2.5535900500422257
218.522,-0.982793723247329
218.53,-1.2490457723982544
218.54,0.0
218.549,-0.6747409422235526
218.553,2.677945044588987
218.685,2.7187387274568526
218.816,0.982793723247329
218.957,2.984990776607778
218.985,0.6947382761967031
219.115,-1.1659045405098132
219.139,0.0
219.177,3.064820762320015
219.206,1.6475682180646747
219.238,-0.9685089806599324
219.268,-2.677945044588987
219.399,-2.8501358591119264
219.533,-1.2793395323170296
219.663,2.9533711482850227
219.723,-2.62244653934327
219.734,-2.7314653130483024
219.761,-2.1421338066285234
219.77,-3.0419240010986313
219.8,1.7590178320996674
219.924,-0.8519663271732721
220.049,-3.0060649396042924
220.173,3.017237659043032
220.204,-0.19739555984988075
220.341,1.849095985800008
220.368,-2.7367008673047097
220.394,-1.9693187724613168
220.47,-0.6435011087932844
220.481,-1.4352686128093959
220.49,-0.6947382761967031
220.501,0.6435011087932844
220.538,2.356194490192345
220.682,-0.9994588469612699
220.706,0.5585993153435624
220.853,-0.5667292175235064
220.997,0.9685089806599324
221.012,-1.5707963267948966
221.139,-0.6947382761967031
221.28,1.217805938967986
221.375,2.5948038127005457
221.415,-2.601173153319209
221.552,2.38321493937961
221.58,-1.8157749899217608
221.617,1.7004988639508087
221.743,1.512040504079174
221.877,-0.19739555984988075
222.0,1.750649826587375
222.14,-2.6344941491974563
222.278,-2.452668265374932
222.419,0.8198672643969563
222.55900000000003,-1.5083775167989393
222.699,-1.4711276743037347
222.84,2.4668517113662407
222.979,0.6610431688506869
223.121,-2.356194490192345
223.259,-2.485897027348257
223.399,-0.6659692373791098
223.54,-1.0121970114513341
223.564,-0.7853981633974483
223.705,2.984990776607778
223.842,0.5713374798336268
223.866,-1.1341691669813554
223.894,-3.0890095919788516
224.038,0.11065722117389565
224.18,1.873681195169868
224.318,2.601173153319209
224.461,0.6556956262415362
224.601,-1.3397056595989996
224.759,2.0899424410414196
224.892,-3.0309354324158977
225.039,-1.1999050379822342
225.183,-1.4141944498128813
225.321,0.08314123188844123
225.446,0.3028848683749714
225.45,0.24497866312686414
225.465,-1.727398203776912
225.482,-2.539305307454829
225.491,2.5672878234150915
225.503,2.158798930342464
225.515,2.677945044588987
225.525,1.3439974787410107
225.537,1.5182132651839548
225.547,0.4182243295792291
225.555,-0.7454194762741583
225.566,1.3439974787410107
225.582,3.141592653589793
225.599,-0.4844779290370232
225.611,-0.9453112865556675
225.62,2.961739153797315
225.624,-2.9669204545815537
225.632,-0.7853981633974483
225.646,-1.0636978224025597
225.657,-0.8176450458327023
225.668,-0.19739555984988075
225.677,1.0636978224025597
225.768,0.6659692373791098
225.927,1.3854483767992019
226.076,-3.046640947247037
226.1,2.185459278717062
226.126,3.0309354324158977
226.146,-1.1071487177940904
226.271,-0.7454194762741583
226.302,-1.695151321341658
226.337,1.6183794300718801
226.372,-1.0222469243443686
226.377,2.1224513093234436
226.445,1.1659045405098132
226.48,2.5088438185876103
226.61900000000003,1.9936502529278373
226.76,0.628796286415433
226.902,0.22347660114063303
227.058,-1.35970299357215
227.203,1.4876550949064553
227.338,1.727398203776912
227.478,-0.09065988720074511
227.505,-1.923786714621807
227.534,-1.8157749899217608
227.677,-1.0222469243443686
227.701,-2.65711472455277
227.83900000000003,-2.843093722003614
227.983,-2.2264919530364327
228.115,1.7561442767905915
228.247,-1.0303768265243125
228.385,2.835713782184941
228.445,-0.13552771398550073
228.521,3.141592653589793
228.553,2.2706891965141405
228.712,1.8692952583810758
228.86,2.714965160462917
228.999,-0.9048270894157867
229.036,-2.356194490192345
229.187,1.2924966677897853
229.225,-2.896613990462929
229.381,-3.0940095503128098
229.395,-1.8766751981997487
229.459,2.896613990462929
229.524,1.695151321341658
229.671,1.3633001003596938
229.818,2.3191743743184148
229.961,-1.2490457723982544
230.095,-2.356194490192345
230.237,1.373400766945016
230.376,0.7853981633974483
230.518,2.1451011569695986
230.667,-2.432966381462123
230.804,0.7853981633974483
230.831,3.036715714859559
230.859,-1.039072259536091
231.002,2.2264919530364327
231.143,-1.7359450042095235
231.298,1.3397056595989996
231.323,2.5127963671743605
231.476,-0.16514867741462683
231.617,-1.0838970949836275
231.641,1.5152978215491797
231.779,-2.4227626539681686
231.912,-0.15660187698201536
231.957,-0.5880026035475675
231.973,1.5707963267948966
231.984,-2.8706458032513726
231.993,-2.9147938055359073
232.047,-1.3258176636680326
232.051,-1.4876550949064553
232.05900000000003,0.11710874456686428
232.065,-1.0516502125483738
232.075,-0.18534794999569476
232.155,-0.058755822715722696
232.165,-0.5880026035475675
232.172,0.5713374798336268
232.176,-1.5152978215491797
232.182,1.176005207095135
232.189,0.7454194762741583
232.194,-2.44685437739309
232.202,0.2860514417173182
232.209,-1.9100889412489412
232.227,-0.9994588469612699
232.24,1.0303768265243125
232.247,2.5535900500422257
232.272,2.1451011569695986
232.322,0.5713374798336268
232.451,-2.0344439357957027
232.456,0.3217505543966422
232.59,-1.7561442767905915
232.672,0.9685089806599324
232.68,-2.819842099193151
232.689,-2.427501954977635
232.701,-0.09966865249116202
232.737,1.7894652726688385
232.768,-0.05258306161094172
232.803,1.1309537439791604
232.828,2.2455372690184494
232.854,1.2847448850775784
232.88,-1.5707963267948966
233.007,0.5880026035475675
233.034,-2.677945044588987
233.158,2.5269297016676275
233.301,-1.8417431771333173
233.326,1.9100889412489412
233.354,-1.3397056595989996
233.39,-2.609868586330988
233.518,0.5880026035475675
233.649,2.129395642138459
233.781,-0.04542327942157701
233.894,-2.788602265762883
233.903,0.5880026035475675
233.907,-0.9964914966201949
233.915,1.5707963267948966
233.927,-0.6435011087932844
234.032,-2.804917834203066
234.175,2.3036114285814033
234.308,-1.9614033704925835
234.433,2.0988707752212563
234.56,1.9513027039072615
234.609,1.9974238199217726
234.616,0.19739555984988075
234.623,-0.18534794999569476
234.631,-2.356194490192345
234.698,2.539305307454829
234.838,-0.43240777557053783
234.984,2.7509856098921066
235.121,-2.393214606066275
235.258,-2.1995926132103296
235.414,-1.7454685258031364
235.561,0.8621700546672264
235.701,-0.4423742229767449
235.841,2.4668517113662407
235.982,-1.5182132651839548
236.11900000000003,0.9505468408120752
236.262,1.5707963267948966
236.399,-1.4056476493802699
236.532,2.0778948311872334
236.659,0.36397895650964407
236.697,-0.04542327942157701
236.723,1.0191413442663497
236.846,-1.5707963267948966
236.873,1.5232132235179132
237.015,1.5232132235179132
237.138,-0.8176450458327023
237.167,-1.2220253232109897
237.307,1.512040504079174
237.446,0.16514867741462683
237.486,2.701750070774057
237.631,1.8313987185422376
237.66,0.8960553845713439
237.8,0.05549850524571683
237.954,-1.5707963267948966
238.103,-0.20749622643520266
238.231,2.388441372627599
238.359,2.516107613350564
238.502,-3.017237659043032
238.66,-2.396173177315635
238.8,2.2655346029916
238.941,0.5667292175235064
239.082,-2.9441970937399127
239.223,0.18822150530477075
239.36,-0.06656816377582381
239.389,-0.5247957716501074
239.527,1.5707963267948966
239.673,2.5672878234150915
239.698,1.3633001003596938
239.83900000000003,-1.719686274404394
239.866,0.4636476090008061
239.904,1.9513027039072615
239.945,1.5182132651839548
240.092,1.6704649792860586
240.237,-2.4227626539681686
240.382,1.1722738811284763
240.475,1.642103791580187
240.526,2.0988707752212563
240.661,1.3521273809209546
240.791,0.3805063771123649
240.936,-1.0808390005411683
241.081,-1.1902899496825317
241.225,0.5516549825285468
241.36,0.7853981633974483
241.482,2.2730532583039036
241.491,0.27829965900511133
241.499,1.5707963267948966
241.503,-0.7853981633974483
241.521,2.0032041023654346
241.656,-2.999695598985629
241.8,1.642103791580187
241.941,0.3805063771123649
242.071,2.62244653934327
242.105,-3.079173843593836
242.24,-1.1902899496825317
242.38,-1.849095985800008
242.416,0.6435011087932844
242.574,-0.40489178628508343
242.717,0.08314123188844123
242.862,2.4149503129080676
243.01,1.2490457723982544
243.152,-2.279422598922567
243.297,-0.4993467216801301
243.437,2.5702551737561663
243.58,2.833539872566017
243.719,1.7454685258031364
243.748,1.1071487177940904
243.893,-0.1746721990082397
244.04,0.9179496956941223
244.179,0.6022873461349642
244.318,2.3191743743184148
244.462,-1.2679114584199251
244.468,-0.6947382761967031
244.498,0.3392926144540447
244.605,0.2662520491509254
244.743,2.455863142683507
244.901,-2.396173177315635
245.041,-2.498091544796509
245.174,2.601173153319209
245.185,-2.432966381462123
245.233,-3.099950074491205
245.324,-0.6528466311007742
245.463,1.8157749899217608
245.61,0.3217505543966422
245.634,1.9890206563741257
245.78,0.0
245.805,-0.07130746478529032
245.951,0.7853981633974483
245.98,-2.4186133001883023
246.118,0.9505468408120752
246.268,2.8632929945846817
246.399,-1.9195673303788037
246.539,-0.16514867741462683
246.666,-1.5273454314033659
246.815,-2.1341125882868646
246.958,-1.1978086049948355
247.091,-1.3473197256542635
247.121,-1.4909663410826592
247.26,-2.984990776607778
247.399,-2.129395642138459
247.548,-0.2662520491509254
247.579,-0.5880026035475675
247.718,1.6041173226731438
247.748,1.2036224929766774
247.891,0.6805212246672144
248.037,-2.6271413405307653
248.179,-1.6447353644528369
248.308,-3.061762667877556
248.435,0.24497866312686414
248.58,2.390663591191853
248.719,-2.677945044588987
248.859,2.961739153797315
248.999,-0.982793723247329
249.028,-2.2455372690184494
249.052,-1.0074800653029286
249.198,1.965587446494658
249.33900000000003,-2.7776136970801493
249.479,0.8960553845713439
249.622,-0.7853981633974483
249.763,1.7818896600176433
249.904,-1.6756732655251305
250.04,2.459276098715045
250.17,-0.33667481938672716
250.316,0.0
250.455,-1.0074800653029286
250.601,-0.960070362405688
250.74,-2.999695598985629
250.882,-0.08673833867598511
251.024,-2.5535900500422257
251.163,-0.8353565591193911
251.192,-2.922923707715851
251.337,-1.8337910584758161
251.361,2.0516836069902324
251.386,2.356194490192345
251.541,1.3473197256542635
251.675,1.695151321341658
251.702,-2.14717154738608
251.737,2.129395642138459
251.763,0.5485494024505281
251.9,-0.3080527810237764
252.039,0.5467888408892474
252.187,1.6162196062164735
252.334,-2.2531128816696446
252.481,1.1071487177940904
252.618,1.8157749899217608
252.76,0.668289418830584
252.784,-2.125103822996448
252.922,-3.054854314913808
253.05900000000003,-0.19739555984988075
253.198,2.473303234759209
253.337,0.6889243882148613
253.475,0.3217505543966422
253.5,-0.8156919233162234
253.638,-3.046640947247037
253.661,-2.0344439357957027
253.799,-0.09966865249116202
253.94,3.054854314913808
254.079,-0.8818719385800352
254.218,1.1284221038181517
254.361,0.0
254.389,1.1722738811284763
254.543,1.1284221038181517
254.547,-0.982793723247329
254.552,-0.982793723247329
254.7,0.3080527810237764
254.855,-2.8461518164460733
254.999,2.5672878234150915
255.14,1.5707963267948966
255.279,2.1112158270654806
255.423,-2.0344439357957027
255.45,1.8281200417659853
255.455,-0.9964914966201949
255.459,2.173083672929861
255.467,-0.06442683942555355
255.471,2.5535900500422257
255.487,2.714965160462917
255.491,1.0768549578753155
255.504,-0.8198672643969563
255.514,-1.0603080048781208
255.525,2.6954871046463897
255.534,2.5829933382462307
255.544,-2.0899424410414196
255.557,0.23554498072086333
255.562,-2.2218730482393765
255.567,1.3397056595989996
255.572,-0.04164257909858842
255.584,-1.7942729279355296
255.599,2.8461518164460733
255.613,0.7328151017865066
255.622,0.4145068745847859
255.63,-0.11487660541689913
255.639,2.3774678762164063
255.657,0.28379410920832787
255.669,0.5104883219167757
255.677,2.0626055027835952
255.693,0.4145068745847859
255.704,0.23684876094692026
255.713,0.28805544705062586
255.774,-1.7004988639508087
255.858,2.6607053733944572
255.997,-2.5065659181994793
256.022,-1.5291537476963082
256.176,-1.1263771168937977
256.189,-0.22347660114063303
256.317,0.348771003583907
256.345,-2.819842099193151
256.435,3.061762667877556
256.488,1.9591150449673627
256.634,1.9591150449673627
256.641,1.0191413442663497
256.646,-1.3986055122719576
256.656,-1.784857010358718
256.779,-0.6747409422235526
256.921,0.9272952180016122
257.004,1.4410937896389846
257.059,-2.461071428922579
257.198,-3.1031500635686053
257.341,2.05527425583192
257.48400000000004,-0.21866894587394195
257.524,2.5829933382462307
257.559,0.4636476090008061
257.587,-0.5404195002705842
257.626,1.7681918866447774
257.634,-0.8818719385800352
257.642,-2.388441372627599
257.652,0.23374318086890142
257.72900000000004,-2.388441372627599
257.877,-0.08673833867598511
257.91200000000003,-0.9944211062037129
258.043,2.994514298201391
258.068,-2.782821983319221
258.212,-1.2627435457711202
258.342,-1.1824776086224307
258.435,1.6124389058934852
258.481,2.723368324010564
258.508,-1.9974238199217726
258.621,0.7853981633974483
258.652,0.9561333748727311
258.657,1.1722738811284763
258.685,-0.40489178628508343
258.713,2.804917834203066
258.883,0.39852244566642026
259.029,-2.4805494847391065
259.193,-1.0040671092713902
259.336,-1.97568811307998
259.464,-2.214297435588181
259.61,-0.6659692373791098
259.731,3.079173843593836
259.758,-0.5880026035475675
259.898,2.896613990462929
260.039,-1.3078015951139772
260.194,-2.8706458032513726
260.22,-2.323947607757091
260.362,-1.1071487177940904
260.5,-2.800613700093444
260.639,1.0603080048781208
260.78,1.4382447944982226
260.922,-2.5415424401880395
261.072,-1.4743225516123097
261.214,1.332960399337446
261.357,0.47835243137865757
261.514,0.2914567944778671
261.668,-2.254505638429268
261.807,-0.6805212246672144
261.826,-1.965587446494658
261.953,1.2610933822524404
262.098,1.3352513460740332
262.245,-0.2730087030867106
262.391,0.3217505543966422
262.445,1.9040406279065694
262.533,-0.866302262552679
262.666,2.169215220273434
262.67900000000003,-2.8095331860469077
262.82,2.9865959116658525
262.962,1.1071487177940904
263.10200000000003,-0.5585993153435624
263.242,-0.9272952180016122
263.279,0.16514867741462683
263.422,-1.4121410646084953
263.562,-0.5191461142465229
263.701,-0.9723774333163594
263.742,-2.356194490192345
263.814,-1.3909428270024184
263.959,-0.35877067027057225
264.106,0.6435011087932844
264.138,-0.3947911196997615
264.183,-2.2831539248892256
264.191,-2.7091848780192556
264.198,-1.0240074859056494
264.206,-0.8086497862079112
264.278,-2.432966381462123
264.42,-0.5280744484263596
264.553,-2.1995926132103296
264.594,0.0
264.693,-2.9340964271545906
264.836,-1.3473197256542635
264.97900000000004,1.7681918866447774
265.126,1.6183794300718801
265.28,-0.7328151017865066
265.42,2.6971734436886945
265.445,-1.729451588981298
265.57,-2.2597207150097582
265.585,-2.91811605244916
265.716,2.2655346029916
265.857,-2.251317551462111
266.016,2.5065659181994793
266.159,-2.4370985893475754
266.297,-1.5308176396716067
266.42400000000004,-2.6590793585673165
266.435,1.2627435457711202
266.555,1.6124389058934852
266.591,2.3318090810196264
266.649,2.44685437739309
266.664,2.677945044588987
266.671,0.8176450458327023
266.682,-2.3318090810196264
267.045,-2.8864102629689747
267.6,1.3439974787410107
268.0,-1.0460005551447893
268.264,0.6528466311007742
268.66200000000003,3.141592653589793
269.766,1.3654009376051293
270.16200000000003,-3.0860941483440762
270.491,2.0344439357957027
270.677,2.5127963671743605
270.891,-0.7853981633974483
271.612,0.2629947316809195
272.01,0.6510767214444798
273.017,1.2315037123408519
